load_id,date,actual,F,F_part_Bmi,F_part_C,reference_B+C
TR-043148,2025-10-01,4001.45,4080.793208983222,4046.8782084460627,4114.708209520381,4079.3148497167435
TR-043149,2025-10-01,2466.25,2497.139255217292,2482.210353715368,2512.0681567192164,2498.9095633397556
TR-043150,2025-10-01,2526.28,2583.087885340761,2590.1539984982746,2576.021772183248,2575.431219878953
TR-043151,2025-10-01,1518.22,1550.9085319840578,1539.6267381527152,1562.1903258154005,1550.0354900189966
TR-043152,2025-10-01,2999.76,3065.179062592084,3090.1344560864413,3040.223669097726,3053.533906516958
TR-043153,2025-10-01,1704.26,1709.103094719696,1695.7814925793723,1722.4246968600194,1719.4318896112895
TR-043154,2025-10-01,605.83,637.3870654579857,642.1300672078127,632.6440637081589,635.8352464335713
TR-043155,2025-10-01,1176.88,1184.1883131193877,1181.2208897915318,1187.1557364472433,1183.6248882724303
TR-043156,2025-10-01,1900.8,1963.0473405814905,1932.5435035534945,1993.5511776094868,1976.4388430056144
TR-043157,2025-10-01,1914.59,1917.4390851935214,1909.8470328055025,1925.03113758154,1928.7202949530063
TR-043158,2025-10-01,1223.46,1226.1224858952414,1247.8897491849773,1204.3552226055058,1224.7494079891155
TR-043159,2025-10-01,1941.22,2023.8182944137484,2079.4943234340585,1968.142265393438,2029.8797178662735
TR-043160,2025-10-01,2156.97,2270.342592418495,2283.1384980424978,2257.5466867944924,2266.428857572253
TR-043161,2025-10-01,4262.62,4387.739203914434,4311.443296578363,4464.035111250507,4391.965383314413
TR-043162,2025-10-01,1430.05,1466.5163079726087,1463.199088731847,1469.8335272133704,1470.5881528317282
TR-043163,2025-10-01,4744.55,4999.176545661805,5001.48018993845,4996.872901385161,4974.80558370184
TR-043164,2025-10-01,2022.34,2021.0796946644657,2033.9277566463977,2008.2316326825337,2026.452367389522
TR-043165,2025-10-01,2990.31,3137.8097006368316,3184.7886844480768,3090.830716825586,3145.768348496487
TR-043166,2025-10-01,982.16,1016.7635040568025,1023.1885613048124,1010.3384468087925,1021.5051813846027
TR-043167,2025-10-01,1023.56,1056.667467681882,1064.5085419909367,1048.8263933728276,1058.2658274885193
TR-043168,2025-10-01,2873.9,2960.7445154374564,2954.13963178027,2967.3493990946426,2957.7766296748223
TR-043169,2025-10-01,4042.16,4357.350512633255,4372.101151946792,4342.599873319718,4362.105774295099
TR-043170,2025-10-01,712.29,700.9088740738416,698.7541273353838,703.0636208122993,708.625352116869
TR-043171,2025-10-01,1794.49,1828.5816903873658,1813.2924684597508,1843.8709123149808,1831.5531773966832
TR-043172,2025-10-01,5589.34,5849.355655910285,5896.022858755259,5802.688453065311,5852.848120482331
TR-043173,2025-10-01,2086.11,2233.5981639306815,2272.565969197279,2194.630358664084,2233.9811677626676
TR-043174,2025-10-01,579.08,582.8321112092754,585.3890256902267,580.2751967283239,582.5082805111269
TR-043175,2025-10-01,974.24,999.3837569382232,993.7289954031527,1005.0385184732937,1000.9775534577946
TR-043176,2025-10-01,755.24,794.758601098784,809.5666584531614,779.9505437444066,796.8267897647197
TR-043177,2025-10-01,2004.9,2114.3957344809605,2145.427726351832,2083.3637426100895,2111.821627602545
TR-043178,2025-10-01,2015.6,2064.4898250612314,2025.4249941486346,2103.5546559738286,2063.825977353281
TR-043179,2025-10-01,906.83,964.7923523054417,970.561473563327,959.0232310475564,964.8258203367092
TR-043180,2025-10-01,4627.89,4864.441535629783,4948.175439192723,4780.707632066842,4900.449358551046
TR-043181,2025-10-01,1500.39,1518.0117096780514,1516.7125298206165,1519.3108895354862,1522.3003134883459
TR-043182,2025-10-01,628.71,641.7920313225775,647.7130819236603,635.8709807214948,641.7941579827552
TR-043183,2025-10-01,1789.15,1831.900152341414,1850.239117917776,1813.561186765052,1838.5726204837802
TR-043184,2025-10-01,1184.39,1235.564742508479,1232.4290445796332,1238.700440437325,1240.8894588674252
TR-043185,2025-10-01,6477.13,1348.935547201172,1356.130721953951,1341.7403724483931,1349.9795835949244
TR-043186,2025-10-01,1498.58,1620.3889312060783,1639.1202355464118,1601.657626865745,1623.6548887378867
TR-043187,2025-10-01,757.75,751.1690303930424,745.4483499514137,756.8897108346711,756.9611727805045
TR-043188,2025-10-01,2022.07,2014.6155750240207,1985.8889113023074,2043.342238745734,2030.269938878852
TR-043189,2025-10-01,1372.49,1390.469026974787,1396.9322245491646,1384.0058294004098,1391.5491330852637
TR-043190,2025-10-01,1000.3,1068.2046396066057,1069.8613203750763,1066.547958838135,1071.7567076479231
TR-043191,2025-10-01,1206.96,1259.4875894907677,1236.8362384513691,1282.1389405301663,1258.0097598324264
TR-043192,2025-10-01,1133.3,1139.0743283777242,1134.5961619561413,1143.5524947993072,1144.6389491980924
TR-043193,2025-10-01,4333.35,4483.63174803925,4542.112088228835,4425.151407849665,4493.79671943955
TR-043194,2025-10-01,2647.58,2673.6158990745653,2684.207432491318,2663.0243656578123,2678.829530317549
TR-043195,2025-10-01,1100.57,1107.2998774320977,1104.6202254648315,1109.9795293993639,1105.44140559712
TR-043196,2025-10-01,1733.31,1816.9670627976484,1853.442631802101,1780.4914937931958,1807.2064753332506
TR-043197,2025-10-01,4360.08,4558.10138923341,4569.459695822235,4546.743082644586,4574.036411439901
TR-043198,2025-10-01,1310.24,1355.4337955917335,1344.6547285953475,1366.2128625881198,1356.2979166140922
TR-043199,2025-10-01,5448.66,5554.402045557821,5523.240447902904,5585.5636432127385,5567.946037368765
TR-043200,2025-10-01,572.62,594.1401239644799,606.5355342830787,581.744713645881,594.6041023031936
TR-043201,2025-10-01,2839.21,2900.3376839311413,2867.817043864853,2932.858323997429,2895.7712438838525
TR-043202,2025-10-01,1033.26,1065.0765406057935,1058.057586094247,1072.0954951173399,1065.3528535834637
TR-043203,2025-10-01,1986.82,2007.6594191462718,1971.0755465335033,2044.2432917590402,2020.516844732849
TR-043204,2025-10-01,2400.85,2536.7329224471787,2554.856627237255,2518.609217657103,2534.9778713758205
TR-043205,2025-10-01,1936.07,2040.762092675908,2008.7158392339238,2072.808346117892,2043.720392768663
TR-043206,2025-10-01,1929.23,1995.6033771320617,1980.9702178768891,2010.2365363872345,2004.6578406299905
TR-043207,2025-10-01,1483.98,1584.3220344723418,1596.7935771526686,1571.850491792015,1588.300458862073
TR-043208,2025-10-01,3829.84,4085.9550620110695,4024.0529036316752,4147.857220390463,4069.27172844785
TR-043209,2025-10-01,1217.54,1280.8571347088641,1264.3296011756472,1297.3846682420808,1280.5833717278242
TR-043210,2025-10-01,2360.65,2408.851548786607,2409.4071552876794,2408.2959422855342,2411.739445495647
TR-043211,2025-10-01,2088.6,2199.107934445188,2228.48025224099,2169.735616649387,2199.2972611194336
TR-043212,2025-10-01,4778.86,5060.599102580229,5057.871239410436,5063.326965750021,5068.327994305977
TR-043213,2025-10-01,1722.03,1802.1980569754423,1828.041821899544,1776.354292051341,1799.5432990349946
TR-043214,2025-10-01,1412.16,1464.8663088130525,1477.2148369402678,1452.517780685837,1470.3179588464723
TR-043215,2025-10-01,4500.92,4535.454027797402,4571.710810730246,4499.197244864558,4539.65659015779
TR-043216,2025-10-01,3181.84,3236.7952378323544,3192.254997710569,3281.33547795414,3244.0134345106276
TR-043217,2025-10-01,2498.9,2590.91650095842,2594.83616094857,2586.9968409682697,2587.020852423493
TR-043218,2025-10-01,3208.55,3334.6169527409434,3311.633489123488,3357.600416358399,3336.7478217594025
TR-043219,2025-10-01,4900.51,5130.9736115425385,5085.287606129151,5176.659616955927,5133.606296223365
TR-043220,2025-10-01,3028.96,3111.6713740593195,3112.868889026235,3110.473859092404,3113.230936731712
TR-043221,2025-10-01,1008.48,1055.5358954282003,1039.1759157148924,1071.8958751415082,1057.3743824204246
TR-043222,2025-10-01,1170.12,1235.574949509084,1226.1633611318543,1244.986537886314,1234.7563597640801
TR-043223,2025-10-01,2521.43,2557.7835243618174,2518.211581491904,2597.3554672317314,2544.953603305328
TR-043224,2025-10-01,835.03,859.4776830655748,858.4198720777014,860.5354940534481,860.1710558401442
TR-043225,2025-10-01,4810.57,5144.4654106195885,5181.222738980318,5107.708082258858,5151.749794924524
TR-043226,2025-10-01,1244.63,1255.082564607339,1279.2820446733435,1230.8830845413343,1255.5927895013003
TR-043227,2025-10-01,1446.38,1431.4745492441184,1433.979906780406,1428.969191707831,1434.5088274169202
TR-043228,2025-10-01,563.96,585.8292753822741,588.7301156437082,582.92843512084,585.2413186751978
TR-043229,2025-10-01,1023.4,1041.671668076588,1039.3947761230065,1043.9485600301693,1038.8559802871912
TR-043230,2025-10-01,1421.17,1470.9589433116744,1503.8089918988499,1438.108894724499,1474.523180152607
TR-043231,2025-10-01,1397.01,1438.3891892620086,1427.9519122117001,1448.826466312317,1442.1939601944546
TR-043232,2025-10-01,2477.14,2613.5472963840575,2568.677706639058,2658.4168861290573,2608.15982923651
TR-043233,2025-10-01,1490.25,1486.3494663490023,1484.1518309385035,1488.5471017595012,1489.4588683132542
TR-043234,2025-10-01,2459.43,2608.7807121689925,2581.9338332641732,2635.627591073812,2613.9855721221275
TR-043235,2025-10-01,789.03,824.0195561866503,824.2485358139027,823.790576559398,826.1938093312558
TR-043236,2025-10-01,1164.68,1182.9476389820459,1192.3339099119262,1173.5613680521656,1184.0458733857427
TR-043237,2025-10-01,5555.29,5642.101420840247,5677.784545542427,5606.418296138066,5623.788015714926
TR-043238,2025-10-01,3533.64,3608.181556128464,3583.1049947262422,3633.258117530685,3625.579446028187
TR-043239,2025-10-01,648.29,642.1030659769467,645.6215641902795,638.5845677636138,638.9137342841291
TR-043240,2025-10-01,2853.94,2974.6858368937815,2941.1760325948985,3008.1956411926644,2967.9099014981393
TR-043241,2025-10-01,2817.95,2878.587638680458,2853.693628624038,2903.481648736878,2869.1365901057256
TR-043242,2025-10-01,1002.17,1051.0361248703512,1073.683986116817,1028.3882636238852,1046.9351849571462
TR-043243,2025-10-01,2898.42,2973.4967393074908,2976.6688139259018,2970.32466468908,2969.3314636189616
TR-043244,2025-10-01,1968.55,2054.2241016318185,2080.38728802185,2028.060915241787,2046.9578445795473
TR-043245,2025-10-01,1398.29,1452.627541309102,1441.8276144657425,1463.4274681524619,1451.306130451781
TR-043246,2025-10-01,1614.53,1644.475846945868,1630.87432221868,1658.077371673056,1652.236341616695
TR-043247,2025-10-01,1793.3,1857.564380372906,1838.319801653567,1876.808959092245,1857.7019052711287
TR-043248,2025-10-01,4537.86,4516.431475254173,4474.065229589151,4558.797720919195,4530.740476644822
TR-043249,2025-10-01,1641.95,1687.3334545484151,1677.0579660306662,1697.608943066164,1687.0326151937506
TR-043250,2025-10-01,2505.88,2678.6746767647674,2702.317576931159,2655.0317765983764,2698.184943673754
TR-043251,2025-10-01,2902.34,2977.4864218542925,2957.247589020485,2997.7252546881004,2971.2010472319557
TR-043252,2025-10-01,311.26,329.70520095716023,316.62387547208783,342.7865264422326,336.34271368823755
TR-043253,2025-10-01,4200.14,4194.678858344867,4211.19260733243,4178.165109357305,4189.875627151287
TR-043254,2025-10-01,517.66,505.8544658357671,489.98387927763565,521.7250523938985,506.66794179852053
TR-043255,2025-10-01,3773.93,3933.1099076421333,4013.4093879810152,3852.810427303252,3917.2356018617293
TR-043256,2025-10-01,2219.91,2282.7965330652246,2307.8456192329295,2257.7474468975197,2289.6358273352243
TR-043257,2025-10-01,1283.16,1274.3416800265109,1270.4364583856895,1278.246901667332,1281.3276266328965
TR-043258,2025-10-01,2877.77,2924.389295730849,2892.2161469771554,2956.5624444845425,2918.1963218912447
TR-043259,2025-10-01,3332.2,3550.2174497886294,3542.4848696478766,3557.9500299293823,3545.139846375976
TR-043260,2025-10-01,5124.5,5378.539313549418,5389.263386979699,5367.8152401191355,5396.948318372231
TR-043261,2025-10-01,4070.24,4218.669071330078,4220.767378676869,4216.570763983287,4219.335228967355
TR-043262,2025-10-01,2458.0,2521.505170927814,2531.323024825811,2511.6873170298168,2513.547710894434
TR-043263,2025-10-01,2010.76,2102.9709048757677,2074.8373889323584,2131.104420819177,2104.4959530915257
TR-043264,2025-10-01,4221.49,4306.757131031108,4260.998790163478,4352.515471898738,4320.80225350824
TR-043265,2025-10-01,2113.04,2175.95730378184,2176.58378603517,2175.3308215285106,2190.791348322553
TR-043266,2025-10-01,4464.73,4623.91881021659,4689.579452314023,4558.258168119156,4658.446266471654
TR-043267,2025-10-01,4310.7,4361.646189739351,4358.689019252922,4364.603360225781,4368.792167149464
TR-043268,2025-10-01,4298.29,4452.33869120654,4425.022491748436,4479.654890664645,4452.964338558597
TR-043269,2025-10-01,1487.21,1554.5701102849375,1541.9281521583944,1567.2120684114805,1556.8094085176463
TR-043270,2025-10-01,650.49,678.7755831778957,681.9631864456039,675.5879799101873,674.1541813558549
TR-043271,2025-10-01,1730.09,1794.1881593875835,1799.4033671378215,1788.9729516373454,1794.2139936133387
TR-043272,2025-10-01,841.42,847.9458678906195,844.6939239890472,851.1978117921918,847.3746774804999
TR-043273,2025-10-01,4384.26,4401.543545339843,4361.422818997759,4441.664271681927,4407.902878430885
TR-043274,2025-10-01,1274.28,1284.8606411610067,1288.7483966675406,1280.9728856544727,1283.8961246845704
TR-043275,2025-10-01,1749.18,1775.0631039336606,1764.5489214524812,1785.57728641484,1781.436085228257
TR-043276,2025-10-01,3134.93,3232.271785196281,3244.682493882196,3219.8610765103663,3220.638325725243
TR-043277,2025-10-01,1791.66,1929.3344332114025,1910.2844894807297,1948.3843769420753,1931.0931310239794
TR-043278,2025-10-01,1098.12,1171.1801810446045,1171.6147254295822,1170.7456366596268,1170.486062616727
TR-043279,2025-10-01,977.98,1006.7932114673631,998.9143356037197,1014.6720873310065,1008.4390794734921
TR-043280,2025-10-01,1398.37,1516.5946370897427,1557.175948470277,1476.0133257092082,1505.7830724884043
TR-043281,2025-10-01,1927.67,1994.6559834994605,1981.7118396910673,2007.6001273078537,2000.174099917494
TR-043282,2025-10-01,2331.68,2503.0380466224537,2485.4371444896697,2520.638948755238,2497.9302454660956
TR-043283,2025-10-01,2846.07,2893.409270109888,2898.057663220305,2888.7608769994704,2890.236792400733
TR-043284,2025-10-01,1458.78,1501.8685906974538,1511.2873294119672,1492.4498519829403,1500.853112404991
TR-043285,2025-10-01,1157.74,1216.5833758556955,1222.8582884685725,1210.3084632428188,1219.52817878134
TR-043286,2025-10-01,1443.07,1480.802061379528,1481.587599574704,1480.0165231843516,1482.9315929719105
TR-043287,2025-10-01,194.26,222.3959679765037,233.03579231293594,211.75614364007143,221.73727835332437
TR-043288,2025-10-01,5076.68,5231.633847593799,5187.245867437107,5276.02182775049,5266.594945628473
TR-043289,2025-10-01,1140.24,1158.9445030366276,1157.1089380672292,1160.7800680060259,1162.9132097562106
TR-043290,2025-10-01,1645.12,1688.6274582721812,1682.5940951575064,1694.6608213868558,1697.0515978610047
TR-043291,2025-10-01,921.92,937.8481792296516,931.0605404647265,944.6358179945767,941.7103238580354
TR-043292,2025-10-01,1498.47,1499.3655914425713,1502.1178292028562,1496.6133536822865,1503.7013020744378
TR-043293,2025-10-01,1456.25,1526.0880579559616,1528.1509331578666,1524.0251827540565,1524.777470481033
TR-043294,2025-10-01,1717.39,1750.4674003890595,1777.4289852437948,1723.505815534324,1749.6720095514315
TR-043295,2025-10-01,3374.09,3379.0420343650594,3415.453963069065,3342.630105661054,3377.68029480151
TR-043296,2025-10-01,1509.89,1552.5932116739982,1547.048971796499,1558.1374515514974,1560.3362501330341
TR-043297,2025-10-01,203.0,222.79141505811754,230.93383086029834,214.64899925593673,224.0579103399786
TR-043298,2025-10-01,1013.72,1029.8872095679812,1025.5605761431864,1034.213842992776,1032.0025322709703
TR-043299,2025-10-01,3856.36,4049.5352032016212,4092.2808942294428,4006.7895121737997,4066.318133452216
TR-043300,2025-10-01,767.51,771.2198119836542,768.3086482545508,774.1309757127575,773.0809359729253
TR-043301,2025-10-01,2447.96,2568.5605834190446,2564.493388053865,2572.627778784224,2567.0885877370915
TR-043302,2025-10-01,280.13,265.00696906709055,244.03325228394223,285.98068585023884,264.05288188858725
TR-043303,2025-10-01,13894.55,4637.261576063917,4654.083938478771,4620.439213649063,4652.980291687397
TR-043304,2025-10-01,1456.68,1494.366089670041,1504.6200894846158,1484.1120898554661,1496.5533441835037
TR-043305,2025-10-01,2368.1,2467.567240400631,2465.1032229310204,2470.031257870241,2469.650293809047
TR-043306,2025-10-01,2279.69,2374.8870729921214,2355.048529310358,2394.725616673885,2387.0980983382005
TR-043307,2025-10-01,4949.49,5056.541016326257,4989.389509221665,5123.692523430849,5046.974257340347
TR-043308,2025-10-01,5510.91,5795.682483409057,5820.367543622587,5770.997423195526,5800.135207288315
TR-043309,2025-10-01,432.91,438.6434536821531,431.88967869167647,445.39722867262975,430.70070274714766
TR-043310,2025-10-02,2142.88,2279.5444234032893,2288.608933340307,2270.4799134662717,2276.554386980254
TR-043311,2025-10-02,1200.45,1208.9531228079413,1223.3582800176823,1194.5479655982006,1209.051112438181
TR-043312,2025-10-02,2968.11,3056.4840621786543,3033.010243040014,3079.9578813172952,3063.7358458818208
TR-043313,2025-10-02,3842.4,3970.202175545395,3964.85816336657,3975.546187724221,3973.2466413589345
TR-043314,2025-10-02,1843.79,1911.3194361156388,1925.4913227514724,1897.147549479805,1921.1291714334761
TR-043315,2025-10-02,3792.71,3969.9969835279435,3958.2618647665413,3981.7321022893457,3965.170859311972
TR-043316,2025-10-02,3421.97,3524.802028970534,3564.5799335166353,3485.024124424433,3528.6624195279005
TR-043317,2025-10-02,1467.83,1477.3100889487832,1486.923013587511,1467.6971643100555,1476.4177475786125
TR-043318,2025-10-02,1236.69,1287.1164813339049,1279.2466807537044,1294.9862819141053,1287.3742412936745
TR-043319,2025-10-02,3405.12,3551.4671147038853,3540.506000370799,3562.428229036971,3569.9240757844245
TR-043320,2025-10-02,1143.93,1210.5764514641514,1191.446287807515,1229.706615120788,1205.9092609046775
TR-043321,2025-10-02,1378.93,1414.4630616516133,1406.190586986497,1422.7355363167294,1417.1148741015554
TR-043322,2025-10-02,5012.79,5212.94483596166,5193.0767574310175,5232.812914492303,5229.676710692904
TR-043323,2025-10-02,2169.46,2298.9148004622307,2303.4701757255507,2294.3594251989107,2303.03350199334
TR-043324,2025-10-02,5024.96,5249.333400357449,5203.392110878854,5295.274689836044,5265.555346001925
TR-043325,2025-10-02,2467.62,2551.286964231009,2523.711572738465,2578.862355723553,2539.226650294428
TR-043326,2025-10-02,4932.23,4963.004535534677,5021.341425475738,4904.667645593618,4931.47939435652
TR-043327,2025-10-02,2347.61,2485.676261752884,2496.46245398666,2474.890069519108,2483.740681979786
TR-043328,2025-10-02,4970.96,5276.829179027291,5386.717524628989,5166.940833425591,5279.947428790349
TR-043329,2025-10-02,2770.73,2845.992101050356,2812.990082959149,2878.9941191415624,2856.6146508797183
TR-043330,2025-10-02,2802.12,2855.118374222725,2836.236992863795,2873.9997555816544,2863.9191112156277
TR-043331,2025-10-02,2727.55,2709.3278401155158,2702.4746929591665,2716.1809872718645,2722.3650738695187
TR-043332,2025-10-02,3588.13,3692.182002094404,3740.742291241378,3643.62171294743,3712.2947498476933
TR-043333,2025-10-02,2414.96,2542.6389620723585,2533.989478220648,2551.2884459240695,2540.8973471891004
TR-043334,2025-10-02,3168.66,3296.45272223353,3302.4159151400568,3290.4895293270033,3298.201345112996
TR-043335,2025-10-02,274.24,302.1815019693736,315.81195939989044,288.5510445388568,297.7913807898926
TR-043336,2025-10-02,1429.94,1515.1289628414238,1551.4873435479878,1478.7705821348595,1524.0759382265348
TR-043337,2025-10-02,1729.78,1714.5756262084856,1701.9917538486623,1727.159498568309,1731.4677772816108
TR-043338,2025-10-02,745.43,782.2194102785862,771.6393574166069,792.7994631405655,781.1586127126072
TR-043339,2025-10-02,5505.02,5605.318105558381,5582.497199822209,5628.139011294552,5610.018216698936
TR-043340,2025-10-02,1142.27,1229.7913354153425,1256.0452901678932,1203.5373806627917,1227.012268730145
TR-043341,2025-10-02,624.99,647.7325781812308,650.9135948189304,644.5515615435312,652.6131248836602
TR-043342,2025-10-02,2301.92,2495.8162533341165,2518.8167580191484,2472.815748649084,2497.6978532898647
TR-043343,2025-10-02,1175.29,1255.9738127691164,1291.0168148352864,1220.9308107029465,1263.232835865175
TR-043344,2025-10-02,2214.59,2259.741020808997,2259.4645463938423,2260.0174952241514,2262.170015863877
TR-043345,2025-10-02,2592.64,2596.347177585155,2550.580091522299,2642.1142636480104,2596.685642599704
TR-043346,2025-10-02,2287.12,2285.9407786880693,2284.3158836639477,2287.565673712191,2292.0468161633717
TR-043347,2025-10-02,4754.03,5128.9184039446645,5120.551015386602,5137.285792502728,5148.627482291067
TR-043348,2025-10-02,1140.26,1166.4026428084571,1164.8088657334133,1167.9964198835007,1161.382815102335
TR-043349,2025-10-02,1672.88,1735.1614369220597,1730.3897294072653,1739.9331444368538,1734.509614652823
TR-043350,2025-10-02,2718.68,2911.7717718849544,2925.9696720082497,2897.573871761659,2922.3756279046024
TR-043351,2025-10-02,611.62,620.807071554337,622.2110736645046,619.4030694441694,621.71934201947
TR-043352,2025-10-02,3094.08,3238.0832436142364,3244.3665175335495,3231.7999696949237,3241.611770949883
TR-043353,2025-10-02,2843.33,2944.9942704985087,2934.3940949473376,2955.5944460496794,2937.8073999016733
TR-043354,2025-10-02,2265.33,2392.6241896403485,2422.0441206734517,2363.2042586072453,2403.7089328439774
TR-043355,2025-10-02,2393.81,2348.6635089391057,2345.556937381103,2351.7700804971078,2352.452466692618
TR-043356,2025-10-02,1174.22,1168.1893239105998,1147.8300758411913,1188.5485719800085,1166.2395838486405
TR-043357,2025-10-02,2169.9,2286.566540330411,2247.4919065026133,2325.641174158209,2292.329186403565
TR-043358,2025-10-02,2168.46,2181.4021053342767,2191.6628351696063,2171.1413754989467,2189.9444735613924
TR-043359,2025-10-02,3535.11,3674.676096425348,3726.6505085670824,3622.701684283614,3699.3723375846357
TR-043360,2025-10-02,2482.49,2546.3363945240026,2567.587847145065,2525.0849419029396,2548.940562971762
TR-043361,2025-10-02,2530.95,2628.3312211968528,2627.172449119108,2629.4899932745975,2632.9097055200737
TR-043362,2025-10-02,1481.8,1469.5956913446794,1465.4568330105108,1473.734549678848,1476.5858213892093
TR-043363,2025-10-02,836.03,864.5472956070753,854.4961925093976,874.5983987047529,869.2425888189741
TR-043364,2025-10-02,1721.74,1842.4125945354972,1878.6102921677264,1806.2148969032683,1834.5565809972427
TR-043365,2025-10-02,2529.85,2594.0834193247356,2597.8075050074794,2590.3593336419913,2602.5054552996407
TR-043366,2025-10-02,4621.92,4712.970515293666,4692.783362561257,4733.157668026075,4712.158043017036
TR-043367,2025-10-02,386.18,398.1834879746776,387.43256952846264,408.9344064208925,400.19858399513805
TR-043368,2025-10-02,3633.54,3743.1216299539406,3781.2683442564207,3704.9749156514604,3773.7489608989526
TR-043369,2025-10-02,4333.71,4401.93565564714,4365.813031498973,4438.0582797953075,4442.795104445244
TR-043370,2025-10-02,2038.03,2141.27439601158,2134.661434780338,2147.887357242822,2143.1850698438793
TR-043371,2025-10-02,2825.29,3016.0146716114305,2990.0658332411176,3041.963509981743,3008.8367331597556
TR-043372,2025-10-02,974.77,1015.9036761941281,1046.7067460382852,985.1006063499711,998.9408385815104
TR-043373,2025-10-02,1557.11,1615.3791663160155,1625.763638237563,1604.9946943944676,1612.6911561732236
TR-043374,2025-10-02,1673.46,1777.6122274331565,1816.6138921157594,1738.6105627505538,1785.5811439965635
TR-043375,2025-10-02,378.74,396.74518019695404,400.97664336774136,392.51371702616666,392.64983995709326
TR-043376,2025-10-02,2084.23,2137.507948541862,2127.099009751337,2147.9168873323874,2137.4793096449293
TR-043377,2025-10-02,901.41,925.1957184496023,927.8284218617625,922.5630150374421,926.2446006516955
TR-043378,2025-10-02,3087.75,3224.6978312476513,3262.408658947247,3186.987003548056,3222.3657668661854
TR-043379,2025-10-02,1262.04,1266.9785592925064,1257.5165074295987,1276.440611155414,1268.544160564515
TR-043380,2025-10-02,1740.07,1822.2376201488569,1836.8205203766393,1807.6547199210747,1815.3205523275292
TR-043381,2025-10-02,4425.69,4536.065212998406,4504.180819278584,4567.94960671823,4568.696120086179
TR-043382,2025-10-02,1948.49,2005.763560206688,1969.6591903923672,2041.867930021009,2001.0972501143228
TR-043383,2025-10-02,1985.82,2049.84135773563,2031.5316835564624,2068.151031914798,2058.9498754190304
TR-043384,2025-10-02,3312.03,3434.867485793734,3431.065335396765,3438.669636190703,3420.0952829287457
TR-043385,2025-10-02,11696.44,2436.5005781563095,2401.2296697727043,2471.771486539915,2443.0312689554567
TR-043386,2025-10-02,487.55,502.8981711357956,508.14486858836835,497.6514736832229,502.93901165759024
TR-043387,2025-10-02,321.82,341.8491680430959,346.0515318249712,337.64680426122067,343.30642168006045
TR-043388,2025-10-02,779.12,820.0422827165594,829.5347683311086,810.5497971020103,821.7242091057788
TR-043389,2025-10-02,946.74,976.844333455211,973.0087736415139,980.6798932689079,979.6024990738545
TR-043390,2025-10-02,825.3,854.8563589564571,866.4310738211315,843.2816440917828,850.8820829972148
TR-043391,2025-10-02,4936.62,5209.092403052171,5336.112480676697,5082.0723254276445,5217.875093947421
TR-043392,2025-10-02,2706.68,2793.7466589599,2798.0537668861157,2789.4395510336844,2798.53599883098
TR-043393,2025-10-02,1096.8,1155.8442636132904,1184.6744953435552,1127.0140318830254,1153.4794934798256
TR-043394,2025-10-02,4472.5,4483.156645495736,4467.624600337835,4498.6886906536365,4498.553417151823
TR-043395,2025-10-02,4946.27,5247.327119299811,5230.130705414604,5264.523533185019,5233.901059736381
TR-043396,2025-10-02,667.99,674.092436087045,670.0691814665292,678.1156907075608,678.9708243468212
TR-043397,2025-10-02,1024.78,1080.1408236333318,1075.9723515319977,1084.3092957346657,1077.8494881104275
TR-043398,2025-10-02,4743.82,4865.290691360271,4907.707039665105,4822.874343055436,4904.570550940921
TR-043399,2025-10-02,2930.65,2963.197140579198,2954.0480381164202,2972.3462430419754,2946.9519537800866
TR-043400,2025-10-02,4983.92,5132.817098728166,5058.287503751542,5207.346693704789,5132.410163746131
TR-043401,2025-10-02,1229.98,1293.181421792653,1288.184492628694,1298.1783509566123,1302.1213416688324
TR-043402,2025-10-02,890.15,934.2934754669351,944.2440710745909,924.3428798592793,935.5974175627575
TR-043403,2025-10-02,2371.63,2427.218247370481,2394.828897174303,2459.607597566659,2428.091711377995
TR-043404,2025-10-02,1904.66,1945.277866377544,1923.0074152103468,1967.5483175447407,1952.0631115512615
TR-043405,2025-10-02,1706.76,1702.2380662179007,1690.111574933999,1714.3645575018024,1709.3232559370263
TR-043406,2025-10-02,3242.19,3288.2164715489725,3286.9928508988355,3289.440092199109,3275.5238691826567
TR-043407,2025-10-02,5196.65,5395.2295156979235,5408.261669769527,5382.197361626321,5415.899249872484
TR-043408,2025-10-02,2278.96,2348.911037919709,2319.5334697704707,2378.288606068948,2354.5321305522884
TR-043409,2025-10-02,1485.65,1537.7297172273522,1520.7936344415325,1554.665800013172,1542.9866334771984
TR-043410,2025-10-02,1545.59,1561.7789954087516,1552.3964928547255,1571.161497962778,1571.649761255233
TR-043411,2025-10-02,4135.86,4500.385546828709,4565.386041566434,4435.385052090984,4527.163559891899
TR-043412,2025-10-02,1399.65,1427.158707056252,1448.428501863372,1405.888912249132,1430.419530738277
TR-043413,2025-10-02,3762.94,3932.313105819596,3903.4992823001753,3961.126929339016,3932.710010379154
TR-043414,2025-10-02,3797.45,4137.667711206953,4142.830280635439,4132.505141778467,4166.160411297384
TR-043415,2025-10-02,1869.49,1968.7817899892582,1971.2498566793229,1966.3137232991935,1976.10375844029
TR-043416,2025-10-02,3241.54,3455.376539210029,3492.3132103176113,3418.439868102447,3463.486583791412
TR-043417,2025-10-02,912.12,950.9253709861761,945.2250003026829,956.6257416696692,953.6319650094766
TR-043418,2025-10-02,2326.48,2350.1141981552983,2359.6599726183035,2340.5684236922925,2360.5663724091373
TR-043419,2025-10-02,1397.82,1464.4592174535278,1486.2682101467417,1442.650224760314,1466.987621392082
TR-043420,2025-10-02,3790.2,3948.8075600598595,3904.8504749969125,3992.7646451228065,3961.5574498154306
TR-043421,2025-10-02,1211.06,1263.6634803903464,1254.3022621763896,1273.0246986043032,1271.504723881462
TR-043422,2025-10-02,1251.72,1262.767981114805,1263.9093770657962,1261.6265851638136,1271.4071707905432
TR-043423,2025-10-02,4337.3,4380.525019471435,4403.0819837884965,4357.968055154373,4378.674655482537
TR-043424,2025-10-02,1470.73,1556.45397227581,1579.6391418114686,1533.2688027401516,1556.9894335655945
TR-043425,2025-10-02,1414.03,1433.6773199174654,1445.3609970675052,1421.9936427674259,1434.5924508010526
TR-043426,2025-10-02,1606.91,1604.8144864525348,1601.636643418426,1607.9923294866437,1604.3812419057417
TR-043427,2025-10-02,2215.28,2282.951746068689,2314.5003370312006,2251.403155106177,2277.086404350485
TR-043428,2025-10-02,1135.72,1156.1965592200659,1151.3943484134293,1160.9987700267022,1157.447747869892
TR-043429,2025-10-02,2038.06,2076.9609561500056,2130.1613052386765,2023.7606070613351,2076.891112766986
TR-043430,2025-10-02,3407.25,3581.339326918256,3584.04441183442,3578.634242002092,3599.0869536122277
TR-043431,2025-10-02,5158.13,5381.244576997501,5370.155109304793,5392.334044690209,5415.274767318555
TR-043432,2025-10-02,1608.58,1668.1269887465148,1649.9860611348804,1686.2679163581493,1672.240889132423
TR-043433,2025-10-02,3888.18,4027.913639866489,3980.325924152592,4075.501355580386,4050.555537461716
TR-043434,2025-10-02,614.52,649.1925658032878,660.9437228279479,637.4414087786276,649.1368120780348
TR-043435,2025-10-02,574.1,1482.1665237141233,1471.6093888829193,1492.7236585453272,1489.4246088809182
TR-043436,2025-10-02,1888.11,1921.618811877384,1898.4083222135798,1944.8293015411882,1923.9157182779782
TR-043437,2025-10-02,1595.86,1698.2613452931741,1734.2423871577507,1662.2803034285978,1715.408820714746
TR-043438,2025-10-02,2339.89,2394.916784134234,2383.1100497267394,2406.7235185417294,2398.6815058936627
TR-043439,2025-10-02,4530.09,4790.515271907507,4785.215731993027,4795.814811821986,4812.378880460194
TR-043440,2025-10-02,822.57,839.2069578617738,834.1372427907783,844.2766729327693,838.3897208637225
TR-043441,2025-10-02,4517.4,4590.02490411933,4613.432338475791,4566.617469762869,4645.418800013467
TR-043442,2025-10-02,1992.02,2069.3782754032427,2073.5022877205674,2065.2542630859175,2089.4460754095458
TR-043443,2025-10-02,1401.38,1467.1033205907838,1461.8273958708385,1472.3792453107292,1471.1331083466612
TR-043444,2025-10-02,2099.72,2133.1923367149466,2105.4187701555793,2160.9659032743143,2147.4963901722667
TR-043445,2025-10-02,1326.06,1362.7038075487146,1350.9599599712426,1374.4476551261866,1364.859530932606
TR-043446,2025-10-02,5179.39,5426.3542376594305,5404.459840521352,5448.248634797509,5424.945701733677
TR-043447,2025-10-02,2440.48,2562.3714453007105,2555.211566347025,2569.5313242543966,2558.8659490914206
TR-043448,2025-10-02,5393.16,5636.838648920664,5698.623279472521,5575.054018368807,5683.906029853004
TR-043449,2025-10-02,2941.66,3002.3592554185134,2955.600477979511,3049.118032857516,3010.765633558045
TR-043450,2025-10-02,907.34,923.2656145358765,918.5705559691434,927.9606731026095,919.9285935044668
TR-043451,2025-10-02,1115.99,1130.4613495012554,1121.056380227574,1139.8663187749366,1132.9158650477355
TR-043452,2025-10-02,2066.62,2134.847102406404,2137.9040766768157,2131.7901281359914,2137.6883117094594
TR-043453,2025-10-02,1850.9,2037.7224641777561,2040.4574918179678,2034.9874365375442,2034.300252824055
TR-043454,2025-10-02,544.03,534.6762539793094,533.8562971688156,535.4962107898034,537.4002153858028
TR-043455,2025-10-02,3455.38,3611.804148308474,3627.66374448734,3595.944552129608,3635.3289240312706
TR-043456,2025-10-02,3247.42,3411.770203158371,3454.193300035165,3369.3471062815765,3426.3565617498325
TR-043457,2025-10-02,2055.14,2139.556527122888,2164.530366491259,2114.5826877545173,2126.070691739912
TR-043458,2025-10-02,561.81,572.0591083285065,571.8975610739882,572.2206555830248,574.1395247458422
TR-043459,2025-10-02,1530.92,1590.8168314687337,1592.9384364720243,1588.695226465443,1584.2023820470529
TR-043460,2025-10-02,3338.08,3430.813366705129,3467.1893678000797,3394.4373656101784,3437.070941499177
TR-043461,2025-10-02,3912.89,4090.2691874378293,4058.7687182460077,4121.769656629651,4113.049419132107
TR-043462,2025-10-02,5059.84,5204.258725522939,5223.778913111693,5184.738537934185,5189.056934739872
TR-043463,2025-10-02,3626.2,3802.2772667667314,3819.086486019749,3785.4680475137143,3808.1727916911154
TR-043464,2025-10-03,2208.66,2307.5552924633266,2320.645848086609,2294.4647368400447,2310.9542699533126
TR-043465,2025-10-03,1870.73,1929.278628165138,1975.5241768891467,1883.0330794411293,1924.6552098206782
TR-043466,2025-10-03,884.41,904.8987660729717,911.4617231328214,898.335809013122,907.9312733451229
TR-043467,2025-10-03,2283.48,2219.4525325566765,2230.2887907586555,2208.6162743546975,2227.1685873884817
TR-043468,2025-10-03,1149.7,1198.5377550618175,1235.5590017034413,1161.5165084201938,1188.5435676532916
TR-043469,2025-10-03,2383.72,2450.0229662891256,2463.4108949099564,2436.635037668295,2447.835286280975
TR-043470,2025-10-03,4527.45,4535.324362694124,4545.581899336384,4525.066826051865,4523.889347851988
TR-043471,2025-10-03,1279.64,1307.2019489787338,1334.2078603676662,1280.1960375898013,1310.3503165755956
TR-043472,2025-10-03,1207.78,1253.1372933037337,1250.2557344739532,1256.018852133514,1249.390341498482
TR-043473,2025-10-03,4573.2,4620.551476446106,4600.654962243958,4640.447990648254,4597.891432617631
TR-043474,2025-10-03,3926.18,3969.980069739283,4065.1319189707624,3874.828220507804,3982.8377308494087
TR-043475,2025-10-03,2107.89,2125.4396261893935,2161.6682409553932,2089.2110114233933,2129.93937141331
TR-043476,2025-10-03,2069.38,2047.850095795062,2053.4675624034394,2042.2326291866848,2045.945994426756
TR-043477,2025-10-03,3639.69,3723.7606115714234,3731.334987610006,3716.1862355328403,3734.229160138202
TR-043478,2025-10-03,4325.53,4323.3168345669565,4387.8225238614705,4258.811145272443,4318.392664227618
TR-043479,2025-10-03,541.62,547.4487001586685,543.8623388297068,551.0350614876303,547.4757854224995
TR-043480,2025-10-03,864.05,868.168473092819,867.4912470077321,868.8456991779059,864.9333824183889
TR-043481,2025-10-03,789.67,783.1909931553062,800.9542280278426,765.4277582827696,783.6008836322248
TR-043482,2025-10-03,3694.25,3644.200931982808,3657.1106181385676,3631.2912458270484,3639.192508970197
TR-043483,2025-10-03,3102.58,3154.3338290453958,3154.229631288497,3154.438026802295,3137.557256979099
TR-043484,2025-10-03,2760.6,2848.49379773322,2876.70630360257,2820.2812918638706,2856.7489544202563
TR-043485,2025-10-03,1347.45,1371.5422323848638,1382.4254474130407,1360.6590173566872,1372.1943123236892
TR-043486,2025-10-03,1703.91,1725.84611956638,1723.5532920544038,1728.1389470783563,1726.5352597620042
TR-043487,2025-10-03,1365.42,1370.5603180213554,1381.1533410297002,1359.9672950130107,1378.156693990712
TR-043488,2025-10-03,2648.98,2642.517703256671,2624.8753888720685,2660.160017641274,2634.9380075048903
TR-043489,2025-10-03,2110.12,2162.0649364023902,2201.1493860917662,2122.9804867130138,2164.306598807164
TR-043490,2025-10-03,1536.64,1588.972905321922,1614.5355119221283,1563.4102987217157,1584.3480066525376
TR-043491,2025-10-03,1116.63,1134.293840793066,1145.0566088819724,1123.53107270416,1125.7145534239003
TR-043492,2025-10-03,3806.59,3643.828162603689,3670.5687588760247,3617.0875663313536,3638.311068613266
TR-043493,2025-10-03,2122.53,2110.8597720936014,2116.120031910546,2105.5995122766567,2107.2948146451704
TR-043494,2025-10-03,1531.3,1527.182241134286,1527.040658388177,1527.3238238803951,1526.004161854447
TR-043495,2025-10-03,2744.43,2717.0590129614275,2746.770287752067,2687.3477381707885,2725.2963770707674
TR-043496,2025-10-03,4490.45,4510.6675173514905,4522.834815150571,4498.500219552411,4508.032998384949
TR-043497,2025-10-03,1104.16,1168.4474127641747,1187.484894366174,1149.4099311621756,1161.150005575118
TR-043498,2025-10-03,1433.36,1562.0705787806212,1590.449187236969,1533.6919703242734,1559.1303824323488
TR-043499,2025-10-03,1645.35,1651.0674466106416,1655.577447057038,1646.5574461642452,1654.4659308280884
TR-043500,2025-10-03,2662.01,2678.4306781955875,2740.934822117579,2615.9265342735957,2664.629921713794
TR-043501,2025-10-03,2864.16,2977.452378442481,3054.080596637074,2900.8241602478884,3001.184838893658
TR-043502,2025-10-03,815.37,809.3782031743708,813.2657726532115,805.4906336955302,811.9444431044342
TR-043503,2025-10-03,3618.39,3606.0848412509417,3684.887392782165,3527.2822897197184,3624.7101965684014
TR-043504,2025-10-03,1740.91,1813.1161620645648,1808.9976260546534,1817.234698074476,1807.659632013438
TR-043505,2025-10-03,1969.27,1932.8751775814367,1944.9584339230455,1920.791921239828,1925.2209527180394
TR-043506,2025-10-03,2147.08,2132.2918633047666,2151.6208615861246,2112.9628650234085,2133.260262982172
TR-043507,2025-10-03,3819.43,3806.9719206474,3865.061053584024,3748.8827877107765,3806.5435234571605
TR-043508,2025-10-03,4201.07,4324.833157058444,4330.30927046446,4319.357043652429,4321.979281778918
TR-043509,2025-10-03,3590.52,3594.3775168101265,3672.2656811887546,3516.4893524314984,3599.399048936596
TR-043510,2025-10-03,2398.53,2357.202653077749,2339.709108531355,2374.6961976241428,2357.9409278497415
TR-043511,2025-10-03,1711.77,1731.4623425433083,1749.501177653702,1713.4235074329144,1729.601478091335
TR-043512,2025-10-03,774.59,766.8210947870214,771.4168103273064,762.2253792467365,762.4230601544164
TR-043513,2025-10-03,5521.8,5504.4662733559235,5520.70038479356,5488.232161918287,5497.212147477707
TR-043514,2025-10-03,3646.15,3759.164909912915,3815.4436364658054,3702.8861833600245,3745.5502029227637
TR-043515,2025-10-03,2132.15,2116.447286048701,2140.09503127925,2092.7995408181514,2112.1850504271733
TR-043516,2025-10-03,4849.98,4843.950487751701,4900.492104140922,4787.4088713624815,4876.838715019054
TR-043517,2025-10-03,620.43,626.4975132870636,631.6087313388891,621.3862952352382,625.1358258965745
TR-043518,2025-10-03,1011.24,1014.2592638201188,1032.8485613114258,995.6699663288119,1017.5699324027546
TR-043519,2025-10-03,1629.83,1601.3373923797008,1604.8175180821702,1597.8572666772313,1602.963601312209
TR-043520,2025-10-03,4652.93,4713.031835382799,4705.523419887554,4720.540250878043,4693.695144318795
TR-043521,2025-10-03,1385.93,1361.7858019180626,1367.4519770035213,1356.119626832604,1362.9843675921236
TR-043522,2025-10-03,2201.44,2173.2897611070484,2168.8836942931953,2177.695827920902,2178.547184590283
TR-043523,2025-10-03,4040.38,4142.561077753807,4255.627004589742,4029.495150917872,4160.383950404956
TR-043524,2025-10-03,1176.24,1181.7470755403874,1182.3257583567738,1181.1683927240013,1173.1346395278397
TR-043525,2025-10-03,323.69,316.69051628763896,307.7497624013924,325.63127017388547,317.7748052971194
TR-043526,2025-10-03,5465.63,5610.022453164953,5609.890866335239,5610.154039994666,5583.804158241861
TR-043527,2025-10-03,3633.88,3613.14480972581,3626.0826229505906,3600.2069965010287,3609.949577412036
TR-043528,2025-10-03,4131.55,4229.622308023157,4209.0195033219225,4250.225112724391,4231.287301906289
TR-043529,2025-10-03,1913.02,1867.9438768399525,1869.4965608917,1866.391192788205,1878.3687464945517
TR-043530,2025-10-03,4305.39,4365.200770727644,4345.854249551629,4384.54729190366,4343.742443922329
TR-043531,2025-10-03,2020.28,2058.536470420354,2058.1720034710734,2058.900937369635,2051.209768795848
TR-043532,2025-10-03,920.36,898.4815532408597,900.8298183915811,896.1332880901383,902.7685707471159
TR-043533,2025-10-03,4962.26,4918.02388890526,4961.743442517249,4874.30433529327,4935.4523454137125
TR-043534,2025-10-03,4484.17,4437.102304205531,4406.494594995005,4467.710013416058,4431.53165979147
TR-043535,2025-10-03,2279.97,2249.117148254056,2256.1347141312835,2242.0995823768276,2246.039168025867
TR-043536,2025-10-03,2676.0,2624.3633497246756,2613.481828269602,2635.244871179749,2622.5762099205604
TR-043537,2025-10-03,3216.36,3269.0216896715892,3316.519977214936,3221.5234021282427,3289.6165022570103
TR-043538,2025-10-03,2925.73,2909.049532515178,2908.7077252355125,2909.3913397948427,2912.17622436831
TR-043539,2025-10-03,5231.69,4943.975897510352,5014.104441519712,4873.8473535009925,4954.698736671828
TR-043540,2025-10-03,17514.11,3626.81544381988,3684.294616940624,3569.3362706991356,3604.430789081801
TR-043541,2025-10-03,2131.74,2150.5721826457802,2149.3833350362715,2151.761030255289,2152.8945609900516
TR-043542,2025-10-03,1419.12,1400.2396190137997,1394.3536009490826,1406.1256370785168,1401.2394054960325
TR-043543,2025-10-03,1590.91,1588.6275538725174,1589.6647132330631,1587.5903945119717,1584.5320481420272
TR-043544,2025-10-03,2135.05,2189.4086340774456,2225.9522045865065,2152.865063568385,2186.7793923653435
TR-043545,2025-10-03,3795.8,3803.35105114575,3836.2883496798486,3770.413752611651,3797.594561859075
TR-043546,2025-10-03,841.39,836.257911883843,836.0154373691131,836.5003863985729,837.2995468930301
TR-043547,2025-10-03,1881.14,1917.649920395938,1917.4019869645774,1917.8978538272986,1918.8368862019024
TR-043548,2025-10-03,2584.5,2524.032586410106,2524.689760329029,2523.375412491183,2527.345111393652
TR-043549,2025-10-03,3867.37,3938.6449209860866,3926.7816451096687,3950.508196862505,3927.6553040887397
TR-043550,2025-10-03,1992.33,2065.0325175715498,2089.0819980388433,2040.9830371042558,2073.082227434199
TR-043551,2025-10-03,2854.85,2873.676631606203,2870.149570098084,2877.2036931143216,2866.6786285858625
TR-043552,2025-10-03,634.0,639.3253360135602,645.0451917352327,633.6054802918877,634.307352984571
TR-043553,2025-10-03,4305.52,4335.991282460334,4380.99114492196,4290.991419998708,4333.012854551935
TR-043554,2025-10-03,896.64,930.6151478049345,945.6533658558353,915.5769297540337,934.5818034274469
TR-043555,2025-10-03,750.47,758.4770431225753,768.0877371040763,748.8663491410744,755.2063894222995
TR-043556,2025-10-03,2426.3,2426.3225843434448,2398.9933673056175,2453.6518013812715,2432.869290787015
TR-043557,2025-10-03,3888.25,3922.7818714424866,3926.9876836353583,3918.5760592496154,3917.7303872979337
TR-043558,2025-10-03,2007.17,1973.0199306430227,1939.7831082649132,2006.2567530211325,1985.2752433096352
TR-043559,2025-10-03,3858.38,3811.305763499423,3856.3636182037962,3766.24790879505,3798.600262603236
TR-043560,2025-10-03,620.2,583.957880354689,574.7952233044293,593.1205374049487,583.7922956042447
TR-043561,2025-10-03,5909.05,5822.61312839059,5762.46258062688,5882.7636761543,5787.949856679143
TR-043562,2025-10-03,4774.43,4940.95059257138,4971.32130291022,4910.579882232541,4935.865155653393
TR-043563,2025-10-03,1693.26,1684.0732891768716,1711.6005782388677,1656.5460001148754,1676.4523233545583
TR-043564,2025-10-03,2056.32,2079.2320592082096,2086.449525009676,2072.0145934067436,2075.5124342476724
TR-043565,2025-10-03,602.77,580.7343259127745,583.7974039600482,577.6712478655007,579.8605089378884
TR-043566,2025-10-03,649.32,659.6056686118843,667.8957973196585,651.3155399041101,658.4176796394437
TR-043567,2025-10-03,4603.49,4636.227281680474,4680.8561385376415,4591.598424823306,4693.4269799603135
TR-043568,2025-10-03,2092.92,2159.5876474325587,2156.4014210598134,2162.773873805304,2151.440602695561
TR-043569,2025-10-03,1619.31,1596.644286150021,1619.4052656762778,1573.8833066237642,1600.4364656751172
TR-043570,2025-10-03,1988.15,1983.8451922807917,2011.0561210444719,1956.6342635171118,1987.823338251819
TR-043571,2025-10-03,1403.26,1419.3656372572805,1431.0486821577265,1407.6825923568342,1418.5076358499725
TR-043572,2025-10-03,1748.97,1745.3397108730967,1743.3636215340593,1747.315800212134,1749.508087924974
TR-043573,2025-10-03,1277.48,1341.722305798898,1368.7769980589835,1314.667613538813,1335.850522576381
TR-043574,2025-10-03,678.25,675.552229137824,677.8771767267885,673.2272815488597,674.1811454737306
TR-043575,2025-10-03,1704.81,1738.2459000362012,1747.7662979929112,1728.7255020794912,1743.763645943261
TR-043576,2025-10-03,1501.24,1530.5219140504064,1550.193409519176,1510.850418581637,1529.0358949947895
TR-043577,2025-10-03,3245.38,3313.269886581631,3395.4559292710496,3231.0838438922124,3329.063018718821
TR-043578,2025-10-03,3858.97,3948.072312926609,3936.5165581972674,3959.62806765595,3962.81574736969
TR-043579,2025-10-03,3163.93,3204.9415045920005,3209.833598980769,3200.049410203232,3204.237937167526
TR-043580,2025-10-03,4077.19,4178.9887250827305,4199.828189096633,4158.149261068829,4169.688269009715
TR-043581,2025-10-03,2037.82,2091.968960969268,2120.908151583343,2063.0297703551932,2085.4829931188947
TR-043582,2025-10-03,3653.22,3668.175265759432,3684.8997165911783,3651.4508149276858,3675.7660886850344
TR-043583,2025-10-03,4179.42,4309.729329126241,4348.762545813951,4270.696112438532,4290.758674020122
TR-043584,2025-10-03,4155.33,4174.614410447364,4148.739980767499,4200.488840127228,4160.022045860824
TR-043585,2025-10-03,1141.76,1171.2765823103805,1182.9621687479005,1159.5909958728603,1169.5671185326169
TR-043586,2025-10-03,729.41,731.6283069792701,730.6805451729873,732.5760687855527,731.2382218965391
TR-043587,2025-10-03,2059.41,2106.709725974575,2103.686539062018,2109.732912887133,2101.652878069268
TR-043588,2025-10-03,1550.98,1577.2514632962175,1578.5871112384773,1575.9158153539577,1576.6405226169786
TR-043589,2025-10-03,846.72,843.5904226005459,852.673704104816,834.5071410962757,846.1310923020311
TR-043590,2025-10-03,4391.59,4409.304798580454,4413.759928163165,4404.849668997744,4389.488441693775
TR-043591,2025-10-03,6011.56,6048.19404713434,6064.592426301308,6031.795667967372,6076.656241999568
TR-043592,2025-10-03,360.5,343.23960778496684,337.7981671645854,348.6810484053483,346.305107131391
TR-043593,2025-10-03,3719.42,3764.366590161505,3793.789630451403,3734.943549871607,3747.7039932798416
TR-043594,2025-10-03,1138.44,1126.4025460933817,1125.5375314917928,1127.2675606949708,1127.9175162277145
TR-043595,2025-10-03,1815.62,1845.1290437942712,1815.5652564448128,1874.6928311437293,1856.4706222963614
TR-043596,2025-10-03,3392.57,3436.8044805611316,3459.5031296019865,3414.105831520277,3443.0616505090024
TR-043597,2025-10-03,2040.58,2044.717186702157,2043.3516051500578,2046.0827682542565,2041.8736632128562
TR-043598,2025-10-03,2373.1,2406.6012391955383,2407.465132564852,2405.737345826224,2402.298971154593
TR-043599,2025-10-03,3871.02,3861.3476608865544,3866.579775434678,3856.1155463384307,3892.0469951888454
TR-043600,2025-10-03,1782.45,1841.6223446104764,1848.2301244339972,1835.0145647869558,1838.9765880307687
TR-043601,2025-10-03,4020.29,3859.2649381738906,3910.720001786043,3807.809874561738,3861.4712841411456
TR-043602,2025-10-03,1312.03,1379.3801886259994,1407.1317531217608,1351.6286241302382,1380.7289992673104
TR-043603,2025-10-03,2342.27,2347.4255139387224,2375.781475705237,2319.0695521722078,2344.784866843167
TR-043604,2025-10-03,3220.84,3174.761882250855,3194.3129386249248,3155.210825876785,3171.888450857088
TR-043605,2025-10-03,2734.86,2744.0990541670544,2820.9695769558134,2667.228531378296,2755.642135126121
TR-043606,2025-10-03,4300.69,4347.823038561395,4378.289470833691,4317.3566062891,4335.805912086307
TR-043607,2025-10-03,4309.19,4312.238934428417,4339.798823400914,4284.6790454559205,4313.596949092387
TR-043608,2025-10-03,2768.84,2778.160972182023,2790.2453904403565,2766.0765539236904,2780.0187512712555
TR-043609,2025-10-03,5421.97,5352.245013278314,5455.87658682544,5248.613439731188,5314.4215036264595
TR-043610,2025-10-03,4008.9,4011.980535175293,4021.9463961600795,4002.014674190507,4002.721128527592
TR-043611,2025-10-03,1170.72,1174.2117672980924,1173.8314039674547,1174.59213062873,1171.3898002546227
TR-043612,2025-10-03,5165.38,5382.626009040385,5447.243293756745,5318.008724324025,5392.808879599126
TR-043613,2025-10-03,903.02,914.3941551018349,937.701871746817,891.0864384568528,909.7852421138145
TR-043614,2025-10-03,1652.81,1670.2146878004892,1658.6916667302203,1681.737708870758,1669.0485402131662
TR-043615,2025-10-03,953.94,974.2044005871466,974.0149222001697,974.3938789741234,971.7857332209494
TR-043616,2025-10-03,1842.01,1889.8295619545288,1924.810573394352,1854.8485505147057,1900.485687529862
TR-043617,2025-10-03,1055.81,1069.1220623581717,1069.722242289528,1068.5218824268152,1066.2271537519193
TR-043618,2025-10-03,2471.27,2405.805392967505,2393.592613352833,2418.018172582178,2407.49282097942
TR-043619,2025-10-03,2713.34,2604.6727869424694,2629.3308993850665,2580.014674499872,2599.359373303065
TR-043620,2025-10-03,1681.52,1651.147952035748,1638.0146518116796,1664.281252259816,1656.44871903668
TR-043621,2025-10-03,3102.36,3138.1920080890077,3137.9114599683976,3138.4725562096173,3122.0995269062123
TR-043622,2025-10-03,1954.35,1986.0274383032256,1972.1242867425099,1999.9305898639411,1988.7187643221814
TR-043623,2025-10-03,2099.59,2010.2264204989146,1998.8915291823475,2021.561311815482,2015.773047329852
TR-043624,2025-10-03,6260.64,6113.283065825496,6111.711364660893,6114.854766990099,6128.716939083637
TR-043625,2025-10-03,2574.34,2618.2706785927426,2634.119038741132,2602.422318444353,2620.365444491988
TR-043626,2025-10-03,2164.69,2206.993978951271,2188.8490848156766,2225.138873086865,2194.32433806233
TR-043627,2025-10-03,920.52,943.6421199304025,970.9285069994264,916.3557328613787,937.3625097629442
TR-043628,2025-10-03,1923.65,1929.5739189788228,1936.751592991664,1922.3962449659816,1930.8249429203586
TR-043629,2025-10-03,1990.73,2019.4551298873503,2048.2033301288307,1990.70692964587,2033.145282806487
TR-043630,2025-10-03,1664.69,1649.8751419815894,1686.296222456695,1613.454061506484,1642.841418552438
TR-043631,2025-10-03,1137.99,1153.2632867887605,1160.3343195873292,1146.192253990192,1150.738635749198
TR-043632,2025-10-03,1504.21,1546.9140050573596,1569.9211136862846,1523.906896428435,1543.6254789142556
TR-043633,2025-10-03,1469.29,1502.07900683897,1504.593134544877,1499.5648791330627,1502.4459054611793
TR-043634,2025-10-03,1151.86,1166.471896834972,1165.317309942544,1167.6264837274002,1164.481494159044
TR-043635,2025-10-03,1411.05,1429.8859291046292,1441.1392675813458,1418.6325906279126,1422.6652397796581
TR-043636,2025-10-03,2798.24,2851.410483895761,2848.0530647103865,2854.7679030811355,2843.855977588983
TR-043637,2025-10-03,4336.33,4267.19738497799,4319.680612203707,4214.7141577522725,4250.118754739333
TR-043638,2025-10-03,4743.68,4833.911432852072,4835.864627395923,4831.95823830822,4831.381055860556
TR-043639,2025-10-03,3959.56,3983.243478543035,3970.571675907507,3995.9152811785634,3972.3692775408535
TR-043640,2025-10-03,1369.01,1382.499747536522,1399.0804600442057,1365.9190350288382,1388.4688642464994
TR-043641,2025-10-04,3116.04,3129.143662877118,3136.117574111797,3122.1697516424388,3102.530109868053
TR-043642,2025-10-04,4712.14,4698.750951816575,4728.431482388967,4669.070421244184,4694.504472129847
TR-043643,2025-10-04,8236.26,1909.5050714173185,1904.324633840032,1914.685508994605,1907.4540449934261
TR-043644,2025-10-04,2107.24,2149.2815204972558,2197.2312746228995,2101.3317663716116,2146.7624481068224
TR-043645,2025-10-04,1636.11,1666.6031840375326,1693.1151659006807,1640.0912021743845,1668.3972599240522
TR-043646,2025-10-04,4496.97,4487.648645829571,4550.629756554218,4424.667535104925,4471.5927818932605
TR-043647,2025-10-04,1760.84,1785.0456774354511,1770.6371520932366,1799.4542027776658,1772.502042251575
TR-043648,2025-10-04,714.11,728.4630800512045,731.6437108940338,725.2824492083753,725.5965900794986
TR-043649,2025-10-04,3624.75,3814.3907366300664,3837.4617351761126,3791.31973808402,3816.974441141498
TR-043650,2025-10-04,4847.61,4848.876081164109,4844.46986502159,4853.282297306628,4843.653100658377
TR-043651,2025-10-04,820.92,819.8008626814344,825.6177134523634,813.9840119105055,820.2563416214722
TR-043652,2025-10-04,993.82,1031.2256749189692,1061.5782854667834,1000.8730643711547,1025.3233825703755
TR-043653,2025-10-04,3708.06,3770.774829285546,3779.803061845552,3761.7465967255393,3739.134951502888
TR-043654,2025-10-04,2419.17,2353.834681840268,2351.244300458591,2356.425063221945,2342.687698067567
TR-043655,2025-10-04,4046.09,4160.524707014767,4258.727047429268,4062.3223666002664,4141.723894442966
TR-043656,2025-10-04,4938.57,5125.116323146568,5170.785693190234,5079.446953102902,5091.528998567566
TR-043657,2025-10-04,4076.29,4236.73585662156,4346.026055547693,4127.445657695426,4212.3577628230505
TR-043658,2025-10-04,2792.04,2834.274287610844,2872.3784398472976,2796.17013537439,2820.7111097424986
TR-043659,2025-10-04,4024.07,4048.511449313236,4059.916464291316,4037.1064343351554,4032.5496478692694
TR-043660,2025-10-04,3412.66,3326.500606123637,3333.7645954900186,3319.2366167572554,3322.812855769411
TR-043661,2025-10-04,1506.16,1472.2411950066385,1476.6947192241375,1467.7876707891392,1466.5222943086346
TR-043662,2025-10-04,2798.93,2819.1385036913443,2821.961764982453,2816.3152424002355,2803.9037630367793
TR-043663,2025-10-04,4036.53,4161.22438993767,4286.675335664954,4035.7734442103847,4129.21783058513
TR-043664,2025-10-04,1861.61,1835.397069058979,1835.0455201030215,1835.7486180149367,1839.6338167215422
TR-043665,2025-10-04,1419.09,1388.081661142223,1393.9235985519065,1382.2397237325397,1378.3498218391815
TR-043666,2025-10-04,1329.77,1351.6438936170193,1379.019313649644,1324.268473584395,1351.2849445810893
TR-043667,2025-10-04,1776.12,1762.7274459421906,1779.026599354363,1746.428292530018,1758.2107730313533
TR-043668,2025-10-04,1577.96,1657.1444396178417,1714.7760336891602,1599.512845546523,1644.8490445891082
TR-043669,2025-10-04,4340.8,4526.159555306303,4530.042314701607,4522.276795911,4522.223049093558
TR-043670,2025-10-04,3787.11,3763.052333005225,3788.2140853799315,3737.890580630519,3769.613114110482
TR-043671,2025-10-04,3276.76,3292.6765147687775,3309.1403106686353,3276.21271886892,3283.325450441658
TR-043672,2025-10-04,3482.73,3528.0366917731717,3558.372121949097,3497.7012615972467,3515.1769952738327
TR-043673,2025-10-04,2257.75,2305.7659582535107,2386.2872587356424,2225.244657771379,2287.9779772343604
TR-043674,2025-10-04,1274.95,4423.787537854832,4505.563205418077,4342.011870291587,4381.270596668733
TR-043675,2025-10-04,2050.65,2082.3049312350513,2127.168672356977,2037.4411901131261,2077.830556335907
TR-043676,2025-10-04,328.91,329.1792285841901,333.0076942427956,325.3507629255847,333.0711903937305
TR-043677,2025-10-04,5235.99,5267.0007415830005,5360.43801746963,5173.563465696371,5270.227892770099
TR-043678,2025-10-04,1666.27,1727.667345940466,1732.1891457128754,1723.1455461680564,1724.895249811824
TR-043679,2025-10-04,620.95,634.1162686531078,643.3753694669391,624.8571678392765,635.7237991885811
TR-043680,2025-10-04,2192.5,2260.5656908036044,2283.775707242531,2237.3556743646777,2244.204711055995
TR-043681,2025-10-04,1227.83,1207.5784598660657,1224.947243006894,1190.2096767252376,1195.175040279048
TR-043682,2025-10-04,1880.52,1967.623815399253,1978.8111650577907,1956.4364657407152,1956.372984650955
TR-043683,2025-10-04,3260.47,3283.127529184183,3284.8176911083183,3281.4373672600473,3268.0253004041056
TR-043684,2025-10-04,1327.19,1362.7187324229903,1354.1655565160809,1371.2719083299,1352.3806978552943
TR-043685,2025-10-04,3302.07,3365.743561353207,3341.622287660438,3389.8648350459766,3356.2547137729653
TR-043686,2025-10-04,823.97,830.218075325854,837.6889800453265,822.7471706063816,830.152911501803
TR-043687,2025-10-04,3109.53,3076.8783294896666,3089.101503224167,3064.6551557551666,3080.5148354975217
TR-043688,2025-10-04,459.09,466.9814252021149,474.72940478358555,459.2334456206443,465.11759365860223
TR-043689,2025-10-04,2945.56,2901.2338657596374,2908.281912933697,2894.185818585578,2875.3910718008433
TR-043690,2025-10-04,1314.59,1385.7310866760045,1402.6493017381001,1368.8128716139088,1382.7805411390405
TR-043691,2025-10-04,548.16,1547.6574040833098,1580.039371720927,1515.2754364456925,1546.0732749088374
TR-043692,2025-10-04,367.01,384.9135859819162,397.9252645156666,371.90190744816584,395.2302655866421
TR-043693,2025-10-04,2476.11,2617.9085614572014,2615.4755938146186,2620.3415290997846,2606.085707523508
TR-043694,2025-10-04,1283.4,1321.0391301034297,1316.4894244036002,1325.5888358032591,1313.7236496670075
TR-043695,2025-10-04,4203.77,4353.686134295654,4412.880895571823,4294.491373019484,4364.9097053678415
TR-043696,2025-10-04,1475.54,1479.6613408684002,1484.440499988896,1474.8821817479047,1470.3545450155707
TR-043697,2025-10-04,1033.03,1021.1793635803768,1035.6819390770002,1006.6767880837535,1017.9928555096016
TR-043698,2025-10-04,1697.51,1659.0261775239846,1662.0018693307468,1656.0504857172227,1650.9381019456018
TR-043699,2025-10-04,1321.52,1316.795513493652,1313.6280109677853,1319.9630160195188,1311.3009329861688
TR-043700,2025-10-04,1474.42,1535.9014826650637,1549.527210682959,1522.275754647168,1523.5862241550576
TR-043701,2025-10-04,1832.33,1846.153409607461,1852.2380388303504,1840.0687803845717,1844.126900017428
TR-043702,2025-10-04,1604.25,1599.9743197139765,1589.9895186872454,1609.9591207407077,1596.4482429007894
TR-043703,2025-10-04,1206.42,1197.4792634650862,1199.9841448593306,1194.9743820708416,1195.352339492669
TR-043704,2025-10-04,236.92,250.1519160274976,250.96546495787842,249.3383670971168,248.03550658775458
TR-043705,2025-10-04,785.33,4293.789274927683,4330.305674986437,4257.27287486893,4291.7331497212035
TR-043706,2025-10-04,1021.77,1040.0461501813459,1032.3046094154167,1047.787690947275,1033.6023656617674
TR-043707,2025-10-04,2768.1,2791.6070107427286,2813.409445901744,2769.8045755837134,2769.128324232236
TR-043708,2025-10-04,1208.93,1219.7736768852442,1260.7293169180923,1178.818036852396,1204.2659455966082
TR-043709,2025-10-04,5280.63,5347.392995879334,5457.70680722048,5237.079184538187,5328.537662143031
TR-043710,2025-10-04,2130.66,2165.610422868578,2161.3432692909937,2169.877576446162,2150.4462516372205
TR-043711,2025-10-04,1231.13,1242.5556401753554,1240.3468762747966,1244.7644040759142,1239.2042249510687
TR-043712,2025-10-04,3788.94,3844.636046202795,3849.5190526224987,3839.7530397830915,3846.996829572431
TR-043713,2025-10-04,1530.87,1587.831263641573,1616.4903530932133,1559.1721741899325,1580.9550106359002
TR-043714,2025-10-04,2663.29,2714.3962152043523,2786.9765982040403,2641.8158322046643,2712.842505875877
TR-043715,2025-10-04,2579.7,2636.825089963646,2655.519572558036,2618.1306073692554,2614.1909870213512
TR-043716,2025-10-04,1324.87,1322.1372346577587,1337.5711492708679,1306.7033200446492,1320.1729648349424
TR-043717,2025-10-04,3270.72,3386.412431586381,3419.2256563245974,3353.599206848164,3386.8219612699195
TR-043718,2025-10-04,6619.87,6680.60414085518,6586.829717924452,6774.378563785908,6641.952341970535
TR-043719,2025-10-04,659.64,651.1681323007535,649.9950218822394,652.3412427192676,643.5823205599731
TR-043720,2025-10-04,5192.29,5275.15309678168,5313.35419474679,5236.951998816569,5243.583493315937
TR-043721,2025-10-04,2769.33,2859.8112648244733,2880.02553869224,2839.596990956706,2851.8424794617313
TR-043722,2025-10-04,2299.67,2306.5072420995275,2322.1907744940368,2290.8237097050182,2295.060362702211
TR-043723,2025-10-04,628.7,648.686249491898,656.4024172418849,640.970081741911,642.4902271369191
TR-043724,2025-10-04,1229.26,1238.9445109146295,1242.9639666620772,1234.9250551671817,1235.0397859076215
TR-043725,2025-10-04,5479.97,5506.334397315268,5534.7642243191995,5477.904570311336,5475.2940623278755
TR-043726,2025-10-04,3853.49,3779.597874285234,3842.6190032239533,3716.576745346514,3759.7399725495097
TR-043727,2025-10-04,8592.93,3721.8620177058483,3730.5517182011145,3713.1723172105817,3689.2027907500274
TR-043728,2025-10-04,1252.52,1276.8086682365533,1317.4103425810054,1236.2069938921013,1271.8326577185946
TR-043729,2025-10-04,878.24,871.6528968849403,896.0665111091896,847.2392826606911,869.3560753277422
TR-043730,2025-10-04,1000.57,964.2290533514536,965.7471097366429,962.7109969662644,965.5752634447945
TR-043731,2025-10-04,1173.39,1174.3911790943407,1169.7826393329378,1178.9997188557436,1169.8585114951854
TR-043732,2025-10-04,5555.83,5714.802519310852,5749.4417326320045,5680.1633059897,5708.148110667189
TR-043733,2025-10-04,1938.54,1932.7938234518895,1939.7298522646308,1925.857794639148,1938.0140182595524
TR-043734,2025-10-04,729.62,704.7794154559383,707.4092093533301,702.1496215585464,704.3152656251743
TR-043735,2025-10-04,3909.68,3899.6163227147645,3914.165333411851,3885.067312017678,3882.858265753341
TR-043736,2025-10-04,544.04,566.0155671302141,580.3405615012928,551.6905727591353,563.8002857161341
TR-043737,2025-10-04,311.38,321.4604595466211,317.5495444919512,325.37137460129105,319.18941865808534
TR-043738,2025-10-04,2523.73,2501.068774593706,2507.877282482985,2494.2602667044275,2486.055310955586
TR-043739,2025-10-04,5601.89,5645.608387341855,5650.047374941576,5641.1693997421335,5642.253944200305
TR-043740,2025-10-04,584.56,581.9631920734203,577.3846873225609,586.5416968242797,580.8273360436326
TR-043741,2025-10-04,1977.98,1981.556042833452,1991.946750101797,1971.1653355651072,1973.9687321633246
TR-043742,2025-10-04,1708.09,1729.5899596277231,1729.8034300849258,1729.3764891705202,1722.0482369748765
TR-043743,2025-10-04,2682.14,2708.3662812047323,2730.9336713699035,2685.7988910395607,2703.6682380764296
TR-043744,2025-10-04,850.3,831.1797307287839,832.6334806800271,829.7259807775405,827.2525054293781
TR-043745,2025-10-04,1297.39,1254.3547077393814,1249.319955560417,1259.3894599183457,1254.8942840370032
TR-043746,2025-10-04,4845.69,4851.537803623543,4946.843705906364,4756.231901340722,4816.880532378811
TR-043747,2025-10-04,3598.91,3643.2486001712264,3621.829687861038,3664.6675124814146,3645.6258274418424
TR-043748,2025-10-04,4429.13,4367.240171227944,4385.628514342372,4348.851828113516,4339.044048385347
TR-043749,2025-10-04,533.64,530.0678770925927,529.1508049903621,530.9849491948232,530.2573143263708
TR-043750,2025-10-04,3891.84,3892.2622461004803,3989.0188550150565,3795.505637185904,3858.3507296124053
TR-043751,2025-10-04,2290.3,2331.6794113040705,2358.3901453073786,2304.968677300763,2335.319095996315
TR-043752,2025-10-04,475.85,498.58766210951507,516.9075398240751,480.267784394955,495.28112566932225
TR-043753,2025-10-04,3865.88,3864.370772828889,3886.6660914210183,3842.07545423676,3839.529364992147
TR-043754,2025-10-04,2070.69,2161.1518939012094,2204.947110826406,2117.3566769760127,2152.2335045942905
TR-043755,2025-10-04,1756.9,1709.079031881457,1715.2610666585765,1702.8969971043377,1699.2050746819389
TR-043756,2025-10-04,4610.23,4512.969395844942,4493.456182953737,4532.482608736146,4487.163551847476
TR-043757,2025-10-04,3297.05,3367.814565171093,3357.0246780290004,3378.604452313185,3340.0295425071376
TR-043758,2025-10-04,3828.19,3739.4697209116584,3719.6620916575803,3759.277350165736,3748.49575376093
TR-043759,2025-10-04,382.8,391.5845735249261,402.612191343438,380.55695570641416,390.3238329442755
TR-043760,2025-10-04,3873.89,3926.6238230928616,3940.0588727370996,3913.1887734486236,3916.6621174823185
TR-043761,2025-10-04,966.85,1000.3795098425135,1015.6916556194161,985.067364065611,995.361756421725
TR-043762,2025-10-04,1479.39,1444.5626177023914,1451.9547999396298,1437.1704354651529,1436.1646043422995
TR-043763,2025-10-04,1312.59,1296.9672972638655,1306.7774428605421,1287.157151667189,1292.7354706759488
TR-043764,2025-10-04,1058.82,1087.7474876089946,1099.7388818564896,1075.7560933614996,1079.238680515492
TR-043765,2025-10-04,4554.3,4660.178810414263,4676.440442154633,4643.9171786738925,4698.615963292825
TR-043766,2025-10-04,3893.45,3898.4946483700646,3919.026498964242,3877.9627977758873,3889.168033091436
TR-043767,2025-10-04,2911.9,2867.4155183726803,2906.7387183402757,2828.092318405085,2859.777255086632
TR-043768,2025-10-04,666.14,678.0367389299429,686.9511649565294,669.1223129033565,677.7696022377999
TR-043769,2025-10-04,2671.78,2714.692557802927,2738.7387827787884,2690.646332827065,2709.0565980407227
TR-043770,2025-10-04,3207.15,3223.68435930409,3256.8882040718863,3190.4805145362934,3218.7414981438196
TR-043771,2025-10-04,3377.25,3432.801513498418,3469.043314575645,3396.559712421191,3414.577592362275
TR-043772,2025-10-04,3892.47,3908.324713890318,3934.584752365605,3882.0646754150316,3909.706873508349
TR-043773,2025-10-04,5122.83,5139.057906434813,5133.036071520489,5145.079741349136,5096.56804321506
TR-043774,2025-10-04,1527.39,1537.517805305805,1557.8496330758187,1517.1859775357914,1532.6009097123006
TR-043775,2025-10-04,1810.92,1778.7639683845846,1786.9055768964356,1770.6223598727336,1774.5465924493828
TR-043776,2025-10-04,1358.72,1335.642163122727,1333.4494776957843,1337.8348485496697,1331.1038846298807
TR-043777,2025-10-04,1445.2,1484.0512306657565,1477.126454699171,1490.9760066323418,1475.9753821835707
TR-043778,2025-10-04,2882.24,2876.246835384055,2900.874939278223,2851.618731489887,2863.1907174440403
TR-043779,2025-10-04,5443.87,5394.138739092159,5459.068563175187,5329.208915009131,5360.1182058620225
TR-043780,2025-10-04,1859.45,1882.441068850641,1892.9454190544764,1871.9367186468057,1868.656388053687
TR-043781,2025-10-04,2008.07,2081.892107712955,2132.0532335116127,2031.7309819142972,2062.0392844915086
TR-043782,2025-10-04,4695.78,4724.283905063371,4732.327016302074,4716.240793824668,4707.858597401828
TR-043783,2025-10-04,4291.14,4402.177362445805,4395.462206774975,4408.892518116634,4409.771931134637
TR-043784,2025-10-04,1321.48,1313.4323683981975,1324.4701265503534,1302.3946102460413,1304.8911370002784
TR-043785,2025-10-04,1832.78,1843.4287526874161,1876.5104400304367,1810.3470653443956,1837.3673226849833
TR-043786,2025-10-04,2841.05,2998.647978871594,3041.296857931234,2955.9990998119547,2987.1087803955106
TR-043787,2025-10-04,1171.18,1163.6676686699006,1166.03307279014,1161.3022645496615,1157.1217314660726
TR-043788,2025-10-04,3781.63,3889.4530216582393,4005.719468611613,3773.1865747048655,3881.792767621424
TR-043789,2025-10-04,589.08,596.5341025974114,605.8067827032106,587.2614224916124,597.041466117481
TR-043790,2025-10-04,2476.4,2494.2316596243086,2497.1430056964564,2491.3203135521608,2473.5850315625985
TR-043791,2025-10-04,454.21,461.24209245891626,465.81762348658515,456.6665614312474,463.3232304942519
TR-043792,2025-10-04,608.66,582.6595527963841,588.8083251316968,576.5107804610714,583.9028433489839
TR-043793,2025-10-04,1589.78,1583.2235182118638,1581.6194619694443,1584.8275744542832,1578.601592585851
TR-043794,2025-10-05,362.84,365.5713376484356,359.4639788776716,371.67869641919964,367.1542316492725
TR-043795,2025-10-05,2190.49,2209.31289498171,2264.9324707092605,2153.69331925416,2182.8764253538634
TR-043796,2025-10-05,2930.08,2969.4848861455284,2989.0254634065045,2949.944308884552,2956.0821413684016
TR-043797,2025-10-05,4821.17,4865.9454555658685,4876.194038269388,4855.69687286235,4839.551214607422
TR-043798,2025-10-05,4297.75,4426.375244293502,4449.290360832138,4403.460127754866,4412.906099848187
TR-043799,2025-10-05,2227.95,2230.1736411756747,2197.5012147097177,2262.8460676416316,2223.6459103830157
TR-043800,2025-10-05,2175.85,2234.7110383881554,2299.542834493365,2169.879242282946,2219.5910392232818
TR-043801,2025-10-05,3724.48,3907.9763004664846,4026.7884637445945,3789.1641371883743,3877.3089861941125
TR-043802,2025-10-05,2032.14,2116.2331964436175,2173.9102854741213,2058.5561074131138,2099.282206850256
TR-043803,2025-10-05,1539.19,1569.5346458804909,1572.3621196987606,1566.7071720622212,1566.912616709887
TR-043804,2025-10-05,4145.69,4194.895205871494,4266.341118629529,4123.449293113459,4184.135024844037
TR-043805,2025-10-05,3099.4,3053.669209086586,3078.4430104802227,3028.895407692949,3044.5293140960275
TR-043806,2025-10-05,2437.21,2498.2278505843487,2517.3164035388136,2479.1392976298835,2492.6857284596754
TR-043807,2025-10-05,5540.6,5681.377774777463,5717.280088561197,5645.475460993729,5682.506139021623
TR-043808,2025-10-05,3262.76,3291.8872534571356,3349.926724844057,3233.847782070214,3271.127358202662
TR-043809,2025-10-05,1125.42,1171.7229297860786,1219.4172631782624,1124.0285963938948,1154.7038218667792
TR-043810,2025-10-05,3858.91,3909.3848103401833,3962.548153830041,3856.221466850325,3885.874431491845
TR-043811,2025-10-05,439.04,454.2712983129512,456.39303149706853,452.1495651288339,451.008061267499
TR-043812,2025-10-05,4057.63,3993.62000159551,4008.4270292379933,3978.812973953027,3970.159682427846
TR-043813,2025-10-05,2331.03,2276.203722122879,2269.6159673481166,2282.791476897641,2260.078152039212
TR-043814,2025-10-05,2384.15,2374.8658240935774,2387.7243304655794,2362.007317721575,2352.935974748302
TR-043815,2025-10-05,1122.82,1154.4056857440457,1175.3187846859541,1133.4925868021373,1146.859976222053
TR-043816,2025-10-05,1729.91,1694.95396596615,1716.8047721930936,1673.1031597392064,1694.50993338022
TR-043817,2025-10-05,1118.16,1173.1378712986182,1191.1652909288464,1155.11045166839,1165.6745656905682
TR-043818,2025-10-05,868.53,893.2090939071295,911.9301688954591,874.4880189188,880.5588749358187
TR-043819,2025-10-05,263.56,256.64041710128726,242.63063536036086,270.6501988422136,259.5441951936
TR-043820,2025-10-05,1633.97,1642.4575950532792,1649.6813575598758,1635.2338325466826,1638.274021743707
TR-043821,2025-10-05,4178.31,4403.044849925629,4507.038742675661,4299.0509571755965,4356.993450936756
TR-043822,2025-10-05,2094.64,2132.464857694228,2178.5768924123295,2086.352822976127,2120.006983375085
TR-043823,2025-10-05,4177.17,4226.028024153129,4248.524569137767,4203.531479168491,4196.007027686304
TR-043824,2025-10-05,646.74,650.4197542682477,669.548298707299,631.2912098291966,647.0698505246663
TR-043825,2025-10-05,632.92,642.1204230283776,664.8813853954696,619.3594606612855,640.7930701640399
TR-043826,2025-10-05,1652.34,1684.9598770650541,1714.6773320306654,1655.2424220994426,1671.3060512926957
TR-043827,2025-10-05,5079.21,5166.321298182391,5185.431860507911,5147.210735856872,5130.2140844362675
TR-043828,2025-10-05,6152.73,6122.430568296539,6195.775147569806,6049.085989023272,6099.908516674499
TR-043829,2025-10-05,2785.51,2804.1135528856075,2777.368347307971,2830.8587584632437,2788.3504414151157
TR-043830,2025-10-05,4402.88,4635.576874199001,4713.687434077981,4557.4663143200205,4623.801881879957
TR-043831,2025-10-05,5433.87,5701.136418459733,5807.697833760848,5594.575003158619,5670.250731565797
TR-043832,2025-10-05,1429.58,1436.689595778028,1433.5292550595113,1439.8499364965448,1426.0712992308286
TR-043833,2025-10-05,3352.17,3346.5499933880483,3361.6199221443903,3331.4800646317062,3309.0809510892263
TR-043834,2025-10-05,3063.16,3054.241079396992,3083.47961263241,3025.0025461615746,3012.70606086301
TR-043835,2025-10-05,1606.06,1655.9206011074252,1675.9128348332113,1635.9283673816392,1646.5213987813233
TR-043836,2025-10-05,584.99,576.7696342224223,580.0799543293308,573.4593141155137,577.3768402103046
TR-043837,2025-10-05,651.87,644.2763173365081,647.3023350249775,641.2502996480385,639.650530357379
TR-043838,2025-10-05,1355.11,1412.8870895303844,1452.9346814643677,1372.8394975964009,1409.9658159370429
TR-043839,2025-10-05,3490.4,3552.4079880882427,3550.168074605477,3554.6479015710083,3525.3723873600766
TR-043840,2025-10-05,1243.66,1248.6402008932912,1257.9122139864778,1239.3681878001046,1253.6269711442937
TR-043841,2025-10-05,1688.78,1687.2238698511865,1742.525378635964,1631.9223610664087,1674.291835718873
TR-043842,2025-10-05,1502.59,1532.9347925646803,1558.3351508692847,1507.5344342600756,1529.3293170802817
TR-043843,2025-10-05,2109.69,2148.10966912939,2164.822785495626,2131.3965527631544,2125.625375233417
TR-043844,2025-10-05,955.05,966.0622815140696,977.0262062394883,955.0983567886509,961.8261853510726
TR-043845,2025-10-05,1574.04,1564.1408836966173,1576.7894691083575,1551.492298284877,1562.6055188025862
TR-043846,2025-10-05,1652.68,1628.8323659653684,1629.132088164928,1628.5326437658086,1624.4886159006262
TR-043847,2025-10-05,409.03,395.2334508083136,381.33495390237186,409.13194771425526,394.1473920901144
TR-043848,2025-10-05,2029.81,2023.060543353124,2028.9670949795193,2017.153991726729,2009.3667283902757
TR-043849,2025-10-05,1291.36,1294.0839728417895,1308.4462586281122,1279.7216870554669,1286.296711537681
TR-043850,2025-10-05,462.62,465.7848959052719,464.9215409801683,466.6482508303756,467.47806468401836
TR-043851,2025-10-05,2438.43,2441.495505394685,2496.3704497372,2386.62056105217,2420.885544298753
TR-043852,2025-10-05,1094.31,1083.5751976946838,1090.8078798086299,1076.3425155807377,1078.0825288847818
TR-043853,2025-10-05,688.95,688.4182643736513,688.648952089361,688.1875766579415,688.4233198330362
TR-043854,2025-10-05,1055.69,1065.87906533434,1088.3177518822156,1043.4403787864646,1051.5495574769707
TR-043855,2025-10-05,3402.93,3478.323614043141,3583.4435988583077,3373.2036292279745,3479.220545633791
TR-043856,2025-10-05,3850.45,3944.143938385875,3999.252590050375,3889.0352867213755,3916.9906586198467
TR-043857,2025-10-05,3761.16,3704.789823245279,3728.3342903335338,3681.2453561570246,3686.8070860743874
TR-043858,2025-10-05,4124.94,4036.673968147692,4039.2675711017155,4034.0803651936685,4033.3444268992
TR-043859,2025-10-05,1464.25,1454.3992525252766,1483.968238983796,1424.8302660667568,1447.8343172593895
TR-043860,2025-10-05,2569.74,2635.573636090229,2634.7071443671325,2636.440127813325,2622.4479376319086
TR-043861,2025-10-05,4474.48,4527.6008431595765,4561.609279654021,4493.592406665131,4504.072255481789
TR-043862,2025-10-05,679.73,688.9318657179085,712.1939057320801,665.669825703737,684.3557762760752
TR-043863,2025-10-05,1641.35,1676.9142869625402,1685.1874382030423,1668.641135722038,1668.3016457762167
TR-043864,2025-10-05,5800.91,5977.733528716254,6122.342117726149,5833.124939706359,5968.473781214756
TR-043865,2025-10-05,766.17,774.2760159122267,795.3021152742876,753.249916550166,774.3389296943726
TR-043866,2025-10-05,1232.04,1280.2938392356823,1299.9431224599823,1260.6445560113823,1270.3056441768754
TR-043867,2025-10-05,4487.22,4503.133813327653,4521.2104927131095,4485.057133942197,4490.27267337947
TR-043868,2025-10-05,4287.3,4272.956591410941,4329.7131854181225,4216.199997403758,4286.095184570928
TR-043869,2025-10-05,4614.15,4622.969487094029,4664.479800953608,4581.45917323445,4613.598664889539
TR-043870,2025-10-05,3454.75,3535.382694435765,3571.9172630762605,3498.8481257952703,3528.3339842032365
TR-043871,2025-10-05,3896.22,3848.9472888468563,3883.7228630067493,3814.171714686963,3812.283061712204
TR-043872,2025-10-05,737.2,752.5312200405889,772.4656574123393,732.5967826688385,755.8505205658589
TR-043873,2025-10-05,1295.99,1306.283175667205,1321.8843285704033,1290.6820227640067,1300.5127887599847
TR-043874,2025-10-05,1462.8,1566.6243385233986,1576.564502772927,1556.6841742738702,1557.5807514850221
TR-043875,2025-10-05,3359.38,3390.149303367988,3404.138185917514,3376.160420818462,3364.135604768926
TR-043876,2025-10-05,4200.54,4313.038224083779,4439.160146962255,4186.916301205303,4301.525742144766
TR-043877,2025-10-05,1814.57,1900.256865300638,1941.532528470678,1858.9812021305981,1886.3109923511852
TR-043878,2025-10-05,593.84,598.9950380547875,601.794144923844,596.1959311857311,597.4755916432605
TR-043879,2025-10-05,1804.12,1832.6838760376852,1831.9976448177301,1833.3701072576403,1818.1973797462888
TR-043880,2025-10-05,2935.08,2951.948732777186,2966.878073653584,2937.0193919007875,2941.054208783862
TR-043881,2025-10-05,1530.9,1540.3746321995413,1555.3985211137976,1525.3507432852853,1535.6803927898325
TR-043882,2025-10-05,4209.75,4225.430517709999,4232.053648036512,4218.807387383486,4210.041976335077
TR-043883,2025-10-05,957.06,957.8237535716378,967.1959436662064,948.4515634770692,954.9887912682619
TR-043884,2025-10-05,2958.24,3051.385363675907,3064.3820661271648,3038.388661224649,3021.4190622786477
TR-043885,2025-10-05,2491.41,2525.2325453781546,2536.5314945382665,2513.9335962180426,2505.618178923356
TR-043886,2025-10-05,1643.22,1664.423055102647,1711.5620119508853,1617.2840982544085,1658.5783708627691
TR-043887,2025-10-05,11052.72,3008.1113469678476,3006.1307285850376,3010.091965350657,2991.0532475636064
TR-043888,2025-10-05,3737.91,3902.5027095531004,3984.486228098452,3820.5191910077488,3872.287353145096
TR-043889,2025-10-05,1765.8,1816.1203012761998,1862.5400402141927,1769.700562338207,1807.307802131326
TR-043890,2025-10-05,1911.29,1867.3892442332149,1881.3354591321986,1853.4430293342311,1865.013418544917
TR-043891,2025-10-05,779.31,779.9602806091415,794.4868069052994,765.4337543129835,772.5337490118601
TR-043892,2025-10-05,4284.86,4343.353412107941,4387.602848463138,4299.103975752744,4330.613425805952
TR-043893,2025-10-05,3396.71,3483.399254792493,3521.422922790094,3445.375586794892,3462.5867680625397
TR-043894,2025-10-05,279.76,266.8387055953688,249.6689090915083,284.0085020992293,272.23238368620343
TR-043895,2025-10-05,1160.12,1162.237547219987,1171.3920341460685,1153.0830602939054,1159.8335812805162
TR-043896,2025-10-05,2848.75,2920.607631437314,2973.6513496213333,2867.5639132532942,2910.6654030888894
TR-043897,2025-10-05,1167.81,1140.1248349461691,1153.9519901489748,1126.2976797433635,1138.1396900605505
TR-043898,2025-10-05,507.62,512.4270973256002,515.8104603800485,509.0437342711519,510.5700902840099
TR-043899,2025-10-05,1472.72,1482.276197250425,1502.7858877575725,1461.7665067432774,1478.030209142656
TR-043900,2025-10-05,1393.73,1484.8977507146878,1516.6974437608085,1453.0980576685674,1479.434413463337
TR-043901,2025-10-05,1607.33,1685.04369984835,1725.3189622016184,1644.7684374950813,1689.0396744268182
TR-043902,2025-10-05,3247.32,3296.531383131511,3325.3199645151003,3267.742801747922,3260.2807324311643
TR-043903,2025-10-05,1689.73,1737.4353867273758,1770.6504189519335,1704.220354502818,1723.6422571904177
TR-043904,2025-10-05,1531.51,1547.8522496547648,1539.9868769037246,1555.7176224058053,1539.4474202803358
TR-043905,2025-10-05,1830.18,1897.015910776876,1937.01563489214,1857.016186661612,1887.9045795349691
TR-043906,2025-10-05,3017.98,2970.3795366734607,2967.6951127119464,2973.063960634975,2953.123805715412
TR-043907,2025-10-05,809.89,795.9566760389775,811.989644182298,779.9237078956571,794.9769040037077
TR-043908,2025-10-05,1697.73,1713.6171631267982,1720.9039119160575,1706.330414337539,1712.1089672549917
TR-043909,2025-10-05,3194.09,3256.4421607949002,3300.398745305585,3212.4855762842153,3231.641103265658
TR-043910,2025-10-05,875.46,841.6000579937611,845.2049905089099,837.9951254786123,839.8083090720979
TR-043911,2025-10-05,1330.8,1379.1183183857395,1421.8794504201182,1336.3571863513607,1374.1613927095718
TR-043912,2025-10-05,4904.69,4916.047599434483,4968.045879949331,4864.049318919635,4890.570302574848
TR-043913,2025-10-05,811.04,789.5855869562547,793.8990827600428,785.2720911524665,789.5799900488814
TR-043914,2025-10-05,1843.84,1893.0257477738794,1933.7574627241124,1852.2940328236464,1886.5796444778262
TR-043915,2025-10-05,953.32,967.2898432153826,986.9523281881784,947.6273582425868,965.398101707758
TR-043916,2025-10-05,808.69,807.4865411177749,818.82406595695,796.1490162785998,802.1680804313812
TR-043917,2025-10-05,4646.65,947.3755141666659,952.7840685997817,941.9669597335501,943.0575391186417
TR-043918,2025-10-05,698.11,717.914588209838,717.6469054812527,718.1822709384232,713.3905519740548
TR-043919,2025-10-05,1017.32,1040.5869320018676,1047.1196965705992,1034.054167433136,1039.3775928398495
TR-043920,2025-10-05,3621.78,3672.9328714838825,3695.090479780478,3650.7752631872872,3647.8475006048693
TR-043921,2025-10-05,3572.79,3705.5907936380177,3780.110364668404,3631.071222607631,3694.653957552401
TR-043922,2025-10-05,4471.7,4462.8431534967,4545.846940099798,4379.839366893601,4445.635606675949
TR-043923,2025-10-05,960.58,936.2135464068026,938.0594520469715,934.3676407666336,930.488799217316
TR-043924,2025-10-05,742.04,758.2032465830334,761.5425546215107,754.863938544556,751.6224880097914
TR-043925,2025-10-05,2256.96,2243.055967171732,2243.2475093716102,2242.864424971853,2223.7898462396415
TR-043926,2025-10-05,442.63,423.9555532473055,422.36197043702435,425.54913605758657,426.53623303858376
TR-043927,2025-10-05,2343.92,2401.9991623087762,2429.8250379595174,2374.1732866580355,2392.8398221585635
TR-043928,2025-10-05,963.41,987.9676049654727,997.3617269178377,978.5734830131075,983.6701164039778
TR-043929,2025-10-05,1354.82,1380.3947547401026,1390.0679685328766,1370.7215409473285,1373.1780104514432
TR-043930,2025-10-05,1881.9,1878.9400403409927,1885.4756229212883,1872.404457760697,1869.0437087349133
TR-043931,2025-10-05,2080.68,2152.707502688231,2201.6509867885284,2103.764018587934,2140.357517754703
TR-043932,2025-10-05,1426.28,1453.1235881611717,1467.3524687830436,1438.8947075392998,1452.9450015940508
TR-043933,2025-10-05,2509.73,2497.09157334596,2524.383048523452,2469.800098168468,2482.1383131637617
TR-043934,2025-10-05,579.38,595.226357786029,603.7086981915388,586.7440173805193,593.1028013170547
TR-043935,2025-10-05,829.88,861.0861662954649,878.440078469793,843.7322541211369,852.8001385219841
TR-043936,2025-10-05,4697.97,4670.856664616109,4698.2301377428175,4643.4831914894,4648.8678200003915
TR-043937,2025-10-05,2865.78,2849.8017873262997,2862.1028194352207,2837.5007552173793,2849.4192784830775
TR-043938,2025-10-05,2220.22,2219.771435718684,2232.8075904896496,2206.7352809477184,2208.8206336574303
TR-043939,2025-10-05,1922.64,1957.4325256816373,2003.8014758412014,1911.0635755220735,1944.6902695307676
TR-043940,2025-10-05,3299.32,3564.01407583911,3642.3237409235408,3485.7044107546785,3555.5925264681814
TR-043941,2025-10-06,4468.77,4504.258993592082,4561.3754074932385,4447.142579690925,4501.03655257437
TR-043942,2025-10-06,2034.14,2059.516001605907,2072.3877751197865,2046.6442280920278,2054.6454192226374
TR-043943,2025-10-06,3118.92,3184.685167548559,3175.5605062189616,3193.8098288781566,3159.9440713559247
TR-043944,2025-10-06,1020.65,1018.0924006040558,1024.0619259131186,1012.122875294993,1017.3260241068745
TR-043945,2025-10-06,4138.77,4147.859405288404,4186.130117010112,4109.588693566694,4122.878913533366
TR-043946,2025-10-06,4043.62,4102.941340674101,4101.148481430955,4104.734199917248,4090.1280800707846
TR-043947,2025-10-06,1573.69,1615.9981644560298,1634.3484967339382,1597.6478321781215,1605.5756651183974
TR-043948,2025-10-06,2537.6,2696.5631575526677,2713.5810553530546,2679.5452597522803,2683.827128413672
TR-043949,2025-10-06,1354.69,1378.6805353573418,1405.0089794737432,1352.3520912409401,1377.0473664602255
TR-043950,2025-10-06,1810.66,1795.1205498551435,1842.118898580038,1748.1222011302489,1782.8727130750437
TR-043951,2025-10-06,5246.48,5176.321892413848,5228.778221760977,5123.865563066719,5149.890062299579
TR-043952,2025-10-06,3971.46,4175.893854274402,4158.819271790831,4192.968436757973,4157.595136382865
TR-043953,2025-10-06,1552.77,1541.082387966994,1560.6815307217837,1521.4832452122043,1538.5418420842302
TR-043954,2025-10-06,624.15,612.0300962482976,609.9420707687193,614.1181217278759,612.0632913552769
TR-043955,2025-10-06,858.03,845.8911875840213,852.6198951343359,839.1624800337067,845.3119018083403
TR-043956,2025-10-06,1486.69,1534.4782453707703,1530.6814246752879,1538.2750660662525,1537.039534549645
TR-043957,2025-10-06,2718.63,2798.194149675084,2834.7339565539587,2761.65434279621,2789.951437411993
TR-043958,2025-10-06,2460.16,2521.3569208389736,2521.821771225446,2520.8920704525012,2509.1825979665573
TR-043959,2025-10-06,947.3,969.7079963776437,972.3142068571751,967.1017858981121,973.2160167567051
TR-043960,2025-10-06,618.64,619.4316820070369,629.9370247443186,608.9263392697551,614.8735075577671
TR-043961,2025-10-06,6161.01,6247.32104379936,6244.534510984291,6250.1075766144295,6221.117864734231
TR-043962,2025-10-06,946.19,975.2255641286688,1002.0115798391618,948.439548418176,970.1033349813541
TR-043963,2025-10-06,4912.37,5087.850610917974,5129.847212375548,5045.8540094604,5066.624322425216
TR-043964,2025-10-06,747.96,761.8581271060609,770.4314267898208,753.2848274223012,754.4865988113813
TR-043965,2025-10-06,3624.9,3753.0404990516304,3767.5172514523306,3738.56374665093,3741.9232476873394
TR-043966,2025-10-06,2061.34,2083.188093037297,2123.2461231745574,2043.1300629000373,2078.487988934903
TR-043967,2025-10-06,1761.62,1789.6307539374675,1791.8969663369292,1787.364541538006,1781.6926411986356
TR-043968,2025-10-06,1293.64,1301.5057108494013,1325.2725094490222,1277.7389122497805,1299.2142736561905
TR-043969,2025-10-06,1318.59,1304.5985743453907,1342.5628882920334,1266.6342603987478,1303.7598870436727
TR-043970,2025-10-06,3182.58,3196.4897515801313,3221.659484455549,3171.3200187047137,3178.229224315958
TR-043971,2025-10-06,1408.96,1423.0634424625746,1456.0974929746035,1390.0293919505457,1414.4636867575216
TR-043972,2025-10-06,2653.8,2773.4568143117867,2773.601550647938,2773.312077975636,2765.7523154768933
TR-043973,2025-10-06,4564.71,4502.596094121318,4498.780843927137,4506.4113443155,4536.494480888286
TR-043974,2025-10-06,3230.92,3211.1769849959737,3192.9925595589,3229.3614104330472,3200.611704112044
TR-043975,2025-10-06,1890.03,1910.8387665535338,1914.536363980216,1907.1411691268518,1909.5366204732145
TR-043976,2025-10-06,903.04,915.4614304874883,913.230466069075,917.6923949059018,912.1919520847327
TR-043977,2025-10-06,3330.57,3434.1828174487237,3473.4967799335936,3394.8688549638537,3403.685593436133
TR-043978,2025-10-06,1290.78,1361.7904280256794,1407.7073028414782,1315.8735532098806,1358.176029479262
TR-043979,2025-10-06,1136.45,1181.0188012142307,1235.1732987967314,1126.8643036317303,1169.7567050756468
TR-043980,2025-10-06,863.94,870.3181550281652,877.3964489102251,863.2398611461051,874.1744919429534
TR-043981,2025-10-06,2609.34,2601.121030138401,2617.105927430829,2585.136132845972,2588.6143341849706
TR-043982,2025-10-06,1061.3,1075.4629406510708,1080.6154399127163,1070.3104413894255,1073.4979554074357
TR-043983,2025-10-06,2172.14,2251.655711105068,2298.810262880036,2204.501159330099,2238.9191273903352
TR-043984,2025-10-06,363.74,380.5459718918072,382.59680445680283,378.4951393268116,379.5243860088282
TR-043985,2025-10-06,3195.86,3205.0437738092314,3270.8649045971515,3139.2226430213113,3196.8406386127763
TR-043986,2025-10-06,1974.12,2061.5273910257893,2115.5272233669616,2007.5275586846165,2050.733931982121
TR-043987,2025-10-06,3107.72,3227.8836382664467,3281.1172737753236,3174.6500027575694,3223.3019079387013
TR-043988,2025-10-06,363.14,398.8945148034936,409.09878521455806,388.69024439242924,394.29473974065104
TR-043989,2025-10-06,2586.91,2541.0502333820887,2582.7085079652593,2499.391958798918,2534.5366187609648
TR-043990,2025-10-06,2332.39,2294.4475416014475,2302.8336695213907,2286.0614136815047,2284.5640943289754
TR-043991,2025-10-06,1795.1,1822.4377993641747,1853.9485153524852,1790.9270833758642,1826.2023764533035
TR-043992,2025-10-06,1546.97,1561.339067550629,1568.0141979044292,1554.6639371968283,1550.3566749560946
TR-043993,2025-10-06,1796.04,1852.0735775691542,1884.1426592505502,1820.0044958877584,1850.2393100628283
TR-043994,2025-10-06,1058.89,1061.0810344044355,1089.6825560940936,1032.4795127147775,1052.4935477235967
TR-043995,2025-10-06,3165.13,3237.2601324658017,3287.43922289323,3187.0810420383727,3228.034058288855
TR-043996,2025-10-06,1067.6,1044.3347020724223,1035.6468228802173,1053.022581264627,1041.1232143908346
TR-043997,2025-10-06,4472.27,4522.791287107578,4569.89270398119,4475.689870233966,4534.608402657281
TR-043998,2025-10-06,3579.44,3606.5743713477214,3661.135812157025,3552.012930538417,3603.771655086928
TR-043999,2025-10-06,1662.93,1691.584355620818,1702.3276653750129,1680.8410458666233,1679.477301075096
TR-044000,2025-10-06,5836.48,5659.413770285833,5619.827949682357,5698.999590889311,5655.808421708714
TR-044001,2025-10-06,3215.63,3266.062630051751,3319.673947621207,3212.451312482295,3253.2747833328194
TR-044002,2025-10-06,4373.47,4341.450487901854,4353.468228958045,4329.432746845663,4319.038398363037
TR-044003,2025-10-06,1363.25,1378.749305021925,1374.6030122737468,1382.895597770103,1377.268535837069
TR-044004,2025-10-06,3980.77,4010.214311286519,4045.280884702574,3975.1477378704644,3994.471397214248
TR-044005,2025-10-06,2030.02,2101.198414458265,2104.8431670425903,2097.553661873939,2085.242707003815
TR-044006,2025-10-06,3811.81,4039.464268764542,4154.745970669516,3924.1825668595675,4014.6511927020088
TR-044007,2025-10-06,807.11,818.4437049563506,823.917128526877,812.9702813858243,817.0757096391926
TR-044008,2025-10-06,905.93,909.6753269419428,912.862006254117,906.4886476297687,914.0506748526243
TR-044009,2025-10-06,2506.97,2613.547186082742,2654.4545874309006,2572.6397847345834,2602.1220369207695
TR-044010,2025-10-06,291.93,296.1856309544867,301.29745477043923,291.0738071385342,302.59848393875734
TR-044011,2025-10-06,3918.02,4085.3105761351435,4154.4981624069915,4016.122989863295,4083.9347463897248
TR-044012,2025-10-06,5501.66,5761.509248323771,5827.743833172952,5695.27466347459,5730.875999181361
TR-044013,2025-10-06,875.47,899.8325289822019,917.4399270932067,882.2251308711969,896.8182920920354
TR-044014,2025-10-06,2275.74,2397.644708755382,2442.2252591421316,2353.0641583686324,2403.7804835167276
TR-044015,2025-10-06,337.89,1373.7665940096751,1382.7046834066152,1364.828504612735,1364.8336525693996
TR-044016,2025-10-06,956.77,1001.6075989743601,1013.8797224719721,989.3354754767481,999.3375688811745
TR-044017,2025-10-06,3218.43,3181.664942504468,3199.095439802099,3164.2344452068364,3181.765253874678
TR-044018,2025-10-06,1879.08,1890.4340128002264,1898.5685370616707,1882.2994885387818,1883.133588650166
TR-044019,2025-10-06,3286.71,3334.679331673565,3358.86882116179,3310.489842185339,3338.599357160812
TR-044020,2025-10-06,1656.21,1668.780249599622,1657.441635053445,1680.1188641457993,1663.924102210082
TR-044021,2025-10-06,2929.0,3018.487751061299,3108.9886434772266,2927.9868586453717,3020.6698696920785
TR-044022,2025-10-06,4098.02,4333.730300173245,4391.784058016757,4275.676542329735,4318.824628956612
TR-044023,2025-10-06,1687.81,1791.3248154091402,1833.0947298424906,1749.5549009757901,1779.5999014303447
TR-044024,2025-10-06,1235.98,1240.50387289945,1245.6966165814617,1235.3111292174383,1230.1084712247766
TR-044025,2025-10-06,1504.38,1534.75634369917,1523.9537003622095,1545.5589870361307,1534.503463776201
TR-044026,2025-10-06,1204.0,1197.8071826568194,1201.1546151514458,1194.459750162193,1194.2435803292396
TR-044027,2025-10-06,1044.13,1057.7496986149645,1076.4797075444758,1039.0196896854532,1054.8052443522188
TR-044028,2025-10-06,1759.53,1775.354102476806,1789.0748786131687,1761.6333263404433,1764.6487060969007
TR-044029,2025-10-06,2734.73,2819.219081975635,2878.9590509963614,2759.4791129549085,2808.2194393589807
TR-044030,2025-10-06,2246.92,2238.8651832288833,2291.3389235673144,2186.391442890452,2242.860131121318
TR-044031,2025-10-06,1171.5,1241.0743449641382,1260.5391925497688,1221.6094973785075,1234.9912537895993
TR-044032,2025-10-06,1942.68,1955.0213522408508,1951.2059046118045,1958.836799869897,1958.381194214382
TR-044033,2025-10-06,811.41,802.2832512848286,797.6612177691288,806.9052848005284,800.9007116093164
TR-044034,2025-10-06,1954.55,1902.9901435780966,1925.0907174898132,1880.88956966638,1911.8100392898523
TR-044035,2025-10-06,848.67,820.7102177844134,824.0966996133321,817.3237359554947,819.2508931146226
TR-044036,2025-10-06,5870.7,5915.670319868323,5931.33350637187,5900.007133364776,5934.0909296782165
TR-044037,2025-10-06,2574.17,2595.5131129600354,2610.307881920271,2580.7183439998,2590.4270853909397
TR-044038,2025-10-06,2346.53,2368.1235700436205,2393.381846697019,2342.865293390222,2357.6357588820056
TR-044039,2025-10-06,2491.67,2528.632253532235,2568.004108927539,2489.2603981369307,2521.855646165669
TR-044040,2025-10-06,3773.44,3810.895279277014,3862.454686373312,3759.3358721807167,3787.535795056242
TR-044041,2025-10-06,1856.42,1904.4180093553655,1900.4317232677433,1908.4042954429876,1902.6009199070213
TR-044042,2025-10-06,1532.18,1530.9593552919464,1553.5417381354575,1508.3769724484353,1523.721015336083
TR-044043,2025-10-06,350.78,370.44813635362925,377.6332239235982,363.2630487836603,376.26818297469305
TR-044044,2025-10-06,3533.81,3561.8448219041984,3595.373101510742,3528.3165422976554,3544.9872756399122
TR-044045,2025-10-06,3900.6,3861.198677838328,3859.2340171409055,3863.163338535751,3867.5135288738265
TR-044046,2025-10-06,2340.45,2407.984329537253,2432.265800603668,2383.7028584708382,2392.6563236153233
TR-044047,2025-10-06,474.64,466.07857752243206,468.5742567831888,463.5828982616753,463.98309352499723
TR-044048,2025-10-06,5573.55,5621.630845478122,5641.101820817131,5602.159870139113,5599.536117746826
TR-044049,2025-10-06,864.11,849.5512033032978,858.6305220262618,840.4718845803338,848.8875597186934
TR-044050,2025-10-06,2352.33,2384.5284389313856,2354.5757954522273,2414.4810824105443,2366.1528465057363
TR-044051,2025-10-06,1676.58,1607.1816988347416,1604.4685025051172,1609.894895164366,1597.5984767179286
TR-044052,2025-10-06,784.02,803.2312912757496,808.187885992757,798.2746965587423,799.8256252977417
TR-044053,2025-10-06,891.23,899.5454572333294,908.4239688739802,890.6669455926788,897.3413075028054
TR-044054,2025-10-06,610.58,633.7877659253849,659.7541493376772,607.8213825130925,630.0870719709407
TR-044055,2025-10-06,4116.8,4283.151885524828,4331.335240703095,4234.96853034656,4297.326505282714
TR-044056,2025-10-06,1320.52,1360.7263247682063,1376.6400542301178,1344.8125953062947,1353.2946119230314
TR-044057,2025-10-06,1877.91,1939.5053643111478,1960.8898041241748,1918.1209244981205,1938.6509705353005
TR-044058,2025-10-06,2863.58,2783.4478156689065,2836.822804281106,2730.072827056707,2771.523984724099
TR-044059,2025-10-06,2169.35,2270.2878094770513,2355.595204569845,2184.980414384257,2258.272857521849
TR-044060,2025-10-06,1929.48,1908.0753840399173,1918.1415060332074,1898.009262046627,1904.8272505374177
TR-044061,2025-10-06,1203.53,1254.9709322183317,1263.3735075732932,1246.56835686337,1254.8230628014328
TR-044062,2025-10-06,2541.47,2558.0893623950374,2568.511701035435,2547.6670237546396,2550.160200648039
TR-044063,2025-10-06,626.22,627.4775344032909,637.4314126624889,617.5236561440928,627.8086411048462
TR-044064,2025-10-06,1779.27,1836.4590419255046,1876.0818105860449,1796.8362732649643,1829.7672421032476
TR-044065,2025-10-06,882.45,889.1059808553741,915.1749765232614,863.0369851874868,888.003747747287
TR-044066,2025-10-06,2885.04,2908.223421368003,2936.510178425779,2879.9366643102267,2900.7169529001712
TR-044067,2025-10-06,1687.5,1667.793090531015,1667.248818472941,1668.3373625890893,1668.9244615183375
TR-044068,2025-10-06,3118.32,3122.7379195502617,3140.547845746052,3104.9279933544717,3108.1542358241113
TR-044069,2025-10-06,2401.07,2411.4515311614505,2436.5958144017873,2386.3072479211132,2404.917443788082
TR-044070,2025-10-06,969.91,988.3889015578463,1000.2001925285613,976.5776105871315,988.7946203928961
TR-044071,2025-10-06,3518.03,3728.3080459024823,3778.4806062433613,3678.135485561603,3728.933152233974
TR-044072,2025-10-06,1636.43,1657.6115174362362,1702.0998898623814,1613.1231450100913,1646.3888826009788
TR-044073,2025-10-06,4831.89,4687.716349811113,4737.656558642436,4637.77614097979,4680.93710326809
TR-044074,2025-10-06,4100.88,4089.0877446523955,4114.3240956098525,4063.851393694939,4075.877518585683
TR-044075,2025-10-06,4337.77,4329.2554166195205,4357.466773081476,4301.044060157566,4299.2875235394
TR-044076,2025-10-06,1872.82,1896.988128791693,1907.519895677474,1886.456361905912,1894.9599216306872
TR-044077,2025-10-06,2474.26,2563.9093260454256,2598.7668263603828,2529.051825730468,2560.465736662193
TR-044078,2025-10-06,867.2,866.6529785777545,877.5861893458049,855.7197678097042,859.9995939256155
TR-044079,2025-10-06,561.58,548.4090762660599,548.4919743607844,548.3261781713352,548.2608531502028
TR-044080,2025-10-06,880.74,866.0882951327239,871.026287229089,861.1503030363588,868.4381587112182
TR-044081,2025-10-06,1607.56,1716.855619316942,1759.9552968382143,1673.7559417956697,1717.2644989669934
TR-044082,2025-10-06,568.52,581.8586621473935,599.792995354821,563.9243289399659,577.5820574790536
TR-044083,2025-10-06,595.93,580.0930900286417,584.317968114563,575.8682119427203,582.4432784717022
TR-044084,2025-10-06,1612.8,1611.248534929971,1626.352594270241,1596.1444755897007,1603.7165822888637
TR-044085,2025-10-06,309.64,328.4471453212533,347.55224146672793,309.3420491757787,326.84983039146135
TR-044086,2025-10-06,3379.8,3327.2886272536853,3375.6161309769004,3278.9611235304696,3321.62440568071
TR-044087,2025-10-06,3604.59,3779.9341720382254,3823.076735481866,3736.7916085945853,3788.802159110853
TR-044088,2025-10-06,3621.3,3609.9143996355165,3643.2155324357955,3576.6132668352375,3586.268106768762
TR-044089,2025-10-06,3520.84,3549.5844497936932,3575.0307976811823,3524.1381019062046,3528.5448762739825
TR-044090,2025-10-06,1865.44,1920.3809501955348,1943.7568242293564,1897.005076161713,1914.6725425201937
TR-044091,2025-10-06,3796.72,3894.815555595344,3876.4384581997924,3913.1926529908956,3885.870228437842
TR-044092,2025-10-06,3400.27,3491.5762351543035,3505.0670332771815,3478.085437031426,3482.4410403121647
TR-044093,2025-10-06,641.14,624.2302633064025,630.6289997490936,617.8315268637114,622.5781130830019
TR-044094,2025-10-07,3521.79,3582.2578410486203,3585.7183689738076,3578.7973131234335,3562.561210363582
TR-044095,2025-10-07,1081.64,1053.579564884118,1055.3165925419562,1051.84253722628,1056.1673554249544
TR-044096,2025-10-07,4002.03,3982.4694620546393,3969.5836619105226,3995.355262198756,3987.7693889875327
TR-044097,2025-10-07,3613.18,3600.4904361939543,3591.608823603854,3609.372048784054,3608.039910043232
TR-044098,2025-10-07,1129.78,1173.195773251834,1178.9235650585138,1167.467981445154,1172.319660224994
TR-044099,2025-10-07,543.25,535.5743182398596,540.4779697041704,530.6706667755489,535.7361691963006
TR-044100,2025-10-07,1191.94,1230.3394575472516,1240.226764671568,1220.4521504229353,1233.6926126018793
TR-044101,2025-10-07,1221.71,1285.0509233422717,1320.4235355003614,1249.6783111841821,1283.2683347944126
TR-044102,2025-10-07,941.96,948.5556376257005,943.219773228811,953.89150202259,948.7603006519566
TR-044103,2025-10-07,810.34,817.393569086748,817.5065839311812,817.2805542423148,822.3769707503482
TR-044104,2025-10-07,5766.93,5626.337044296244,5701.154799364342,5551.519289228147,5609.7175251318
TR-044105,2025-10-07,4281.85,4319.564332272543,4330.318286292675,4308.810378252411,4316.422377903819
TR-044106,2025-10-07,417.09,438.27916637124304,446.94754669752155,429.6107860449645,439.6007614158821
TR-044107,2025-10-07,1254.51,1269.238803240311,1270.4739724717974,1268.0036340088247,1261.1326780971344
TR-044108,2025-10-07,347.21,354.0387966486251,350.91716974296514,357.1604235542851,352.55310240009135
TR-044109,2025-10-07,2628.55,2624.487432381924,2637.611880366784,2611.362984397064,2620.393139537151
TR-044110,2025-10-07,4005.12,4047.3618001475393,4066.5849568341787,4028.1386434609,4040.4074247118915
TR-044111,2025-10-07,4566.62,4493.295486511068,4559.747211016799,4426.8437620053355,4492.73045272574
TR-044112,2025-10-07,378.59,378.52175616613806,367.53027956445476,389.5132327678214,377.94047028061027
TR-044113,2025-10-07,2202.48,2286.989728636543,2314.6050355969214,2259.374421676165,2284.7812580708687
TR-044114,2025-10-07,467.61,467.93387417001713,471.128330530905,464.73941780912935,463.14030704325046
TR-044115,2025-10-07,1276.25,1275.1560915837833,1286.6804814455481,1263.6317017220185,1283.677886918602
TR-044116,2025-10-07,1459.87,1490.0190004329697,1489.0860923145071,1490.9519085514326,1485.9566211438387
TR-044117,2025-10-07,4654.5,4604.8611907800705,4693.2219366122035,4516.5004449479375,4614.646911228212
TR-044118,2025-10-07,1495.33,1514.1726142083648,1509.0060557321744,1519.339172684555,1512.2047871337936
TR-044119,2025-10-07,2550.13,2630.9721446601225,2661.6796666480136,2600.2646226722313,2643.424168761434
TR-044120,2025-10-07,5368.81,5345.541121458503,5466.8440401266935,5224.238202790312,5346.080911901305
TR-044121,2025-10-07,764.04,780.49868121378,802.534862011265,758.4625004162948,777.9083698996084
TR-044122,2025-10-07,4560.49,4656.8824125170395,4679.74148931048,4634.023335723598,4655.557603181231
TR-044123,2025-10-07,2492.07,2436.714391217949,2462.972352999801,2410.4564294360976,2436.3349083670782
TR-044124,2025-10-07,3882.76,3893.000672103002,3874.7307689812164,3911.270575224788,3912.9025722885262
TR-044125,2025-10-07,1329.78,1324.5386310279453,1340.1694175338148,1308.9078445220757,1318.0488006984024
TR-044126,2025-10-07,3987.15,3959.186697346154,3989.2862613253765,3929.0871333669315,3944.880106303055
TR-044127,2025-10-07,2199.94,2190.7389007495894,2191.175083512405,2190.302717986774,2181.3396073366926
TR-044128,2025-10-07,5209.11,5418.961277186401,5506.59049234018,5331.332062032623,5421.793421381861
TR-044129,2025-10-07,3013.41,3067.5220213488174,3118.849142811511,3016.1948998861244,3069.5955901813613
TR-044130,2025-10-07,3930.32,3964.685007078112,3978.962643040837,3950.4073711153865,3954.4543050314514
TR-044131,2025-10-07,1076.93,1072.202425219431,1070.6130006313078,1073.7918498075542,1072.6146910610619
TR-044132,2025-10-07,2481.63,2513.7257258128875,2546.920529018537,2480.5309226072377,2499.945634884768
TR-044133,2025-10-07,2596.05,2533.6668627267445,2567.7539114340616,2499.5798140194274,2537.8762683718546
TR-044134,2025-10-07,1188.47,1243.9881920129453,1243.0455298497513,1244.9308541761393,1247.8026838895337
TR-044135,2025-10-07,872.03,871.2667626990468,879.6732075243901,862.8603178737035,878.4322731751265
TR-044136,2025-10-07,2120.59,2195.7319664752767,2230.6217529651235,2160.84217998543,2180.5903237047596
TR-044137,2025-10-07,3521.73,3548.1620979759455,3571.1059508038975,3525.2182451479935,3540.5991728145423
TR-044138,2025-10-07,2442.27,2385.2329711641482,2386.73781443963,2383.7281278886667,2386.238726507044
TR-044139,2025-10-07,3713.4,3764.546238097554,3757.9304640808596,3771.1620121142482,3752.5334569289635
TR-044140,2025-10-07,383.5,371.86989774414513,354.55555315597974,389.18424233231053,372.65362216312667
TR-044141,2025-10-07,3098.51,3100.001961673156,3093.6934524255225,3106.31047092079,3091.175215186184
TR-044142,2025-10-07,1996.97,2093.5905867871215,2124.459380698226,2062.7217928760174,2089.0886296284552
TR-044143,2025-10-07,3494.0,3483.392540158325,3512.4439941299356,3454.3410861867146,3483.8684477886927
TR-044144,2025-10-07,950.43,983.8770803243647,998.0678631767074,969.686297472022,976.5704165369943
TR-044145,2025-10-07,2486.75,2572.0297377058196,2579.6899743086005,2564.369501103038,2559.518288313927
TR-044146,2025-10-07,4845.95,4931.0541780201465,5120.3436268764435,4741.76472916385,4923.099328416831
TR-044147,2025-10-07,5058.57,5111.441757931538,5090.653772311944,5132.229743551133,5138.6478019574515
TR-044148,2025-10-07,5346.93,5482.013748777794,5533.805650831502,5430.221846724086,5455.584201241058
TR-044149,2025-10-07,3549.06,3565.8229985438693,3616.6937217629015,3514.9522753248375,3562.573741806428
TR-044150,2025-10-07,2303.95,2291.6518010167015,2304.594891762765,2278.7087102706378,2282.9793562150044
TR-044151,2025-10-07,2964.61,2869.963652013989,2886.724402507881,2853.2029015200965,2875.260395789006
TR-044152,2025-10-07,3303.47,3262.4997761719856,3298.8637303665314,3226.1358219774397,3242.782994968771
TR-044153,2025-10-07,910.55,908.5610395762717,902.1343065323592,914.9877726201843,904.5068754923227
TR-044154,2025-10-07,1743.43,1738.6257160163846,1760.9253802730957,1716.3260517596734,1736.0662220562747
TR-044155,2025-10-07,1101.55,1100.8185476234203,1096.7061978655693,1104.930897381271,1106.0238165816097
TR-044156,2025-10-07,1525.43,1496.7103093910168,1493.2430429858473,1500.1775757961861,1498.3150962907498
TR-044157,2025-10-07,1554.33,1581.839818955747,1631.7145018427236,1531.9651360687706,1579.5967893892725
TR-044158,2025-10-07,2448.67,2475.8713765584466,2504.9524817691417,2446.7902713477515,2463.853785727244
TR-044159,2025-10-07,3635.27,3652.8933841561034,3642.540655399502,3663.2461129127046,3639.8884264636754
TR-044160,2025-10-07,3181.62,3177.6828747781947,3169.188260803845,3186.177488752544,3184.241123473444
TR-044161,2025-10-07,1778.31,1768.3994730920729,1777.2260463407313,1759.5728998434145,1769.5370834378596
TR-044162,2025-10-07,8425.34,2630.080092004145,2687.0046390069792,2573.155545001311,2632.6107834569784
TR-044163,2025-10-07,2928.06,3062.0149122838448,3050.6064092495176,3073.4234153181724,3059.8905729809258
TR-044164,2025-10-07,5768.57,5778.071961656628,5765.198955813409,5790.944967499848,5784.947323394072
TR-044165,2025-10-07,3282.71,3251.61765303209,3291.1031041403953,3212.1322019237846,3236.5388479184967
TR-044166,2025-10-07,3603.1,3654.0099362669207,3661.956008788635,3646.063863745206,3651.633553981306
TR-044167,2025-10-07,3028.7,3076.7071378400437,3084.7049428336823,3068.7093328464052,3044.2368045490957
TR-044168,2025-10-07,4204.74,4288.589973465342,4337.575223326825,4239.604723603859,4259.881804802573
TR-044169,2025-10-07,4287.51,4227.49820361286,4259.574976916199,4195.421430309522,4229.775553553596
TR-044170,2025-10-07,2085.87,2125.7778179982297,2171.0947885141018,2080.4608474823576,2125.769565838342
TR-044171,2025-10-07,2005.58,1973.8414723782962,1973.8487312748289,1973.8342134817633,1968.6152969442196
TR-044172,2025-10-07,2142.38,2253.986390742846,2290.564469035335,2217.4083124503577,2237.714427168287
TR-044173,2025-10-07,1277.52,1275.4962800272997,1292.325481129924,1258.6670789246757,1277.9740706199234
TR-044174,2025-10-07,1734.56,1768.788435860517,1768.7170282790273,1768.8598434420064,1763.5017312571363
TR-044175,2025-10-07,4817.58,4937.711491817448,5001.362884542136,4874.0600990927605,4915.51345177371
TR-044176,2025-10-07,463.05,1824.6647325129688,1851.134091069324,1798.1953739566134,1831.003533373534
TR-044177,2025-10-07,2293.83,2300.6368661792403,2330.3544443702544,2270.9192879882266,2289.8331262798715
TR-044178,2025-10-07,4489.14,4416.2651268974205,4452.347459745752,4380.18279404909,4436.29325604305
TR-044179,2025-10-07,713.84,684.5497192106984,686.6626562136341,682.4367822077627,683.1527060709099
TR-044180,2025-10-07,1671.84,1687.1683086475564,1683.2543859479454,1691.0822313471676,1690.1815779800686
TR-044181,2025-10-07,2193.1,2285.81831998096,2304.783356672607,2266.8532832893125,2284.057347969663
TR-044182,2025-10-07,2518.87,2549.4317924031247,2556.2204824424603,2542.6431023637892,2543.297546724682
TR-044183,2025-10-07,1147.73,1177.6920664267004,1199.5257049972681,1155.858427856133,1170.0628916849496
TR-044184,2025-10-07,2193.67,2329.4747129002135,2385.6847645031194,2273.264661297307,2323.380929121566
TR-044185,2025-10-07,777.68,787.5288221309452,790.7052299156951,784.3524143461951,789.9823288221559
TR-044186,2025-10-07,2903.55,2902.9361847213618,2906.384346398162,2899.4880230445615,2885.2241648347995
TR-044187,2025-10-07,1013.2,1014.6754402252338,1016.9493213516294,1012.4015590988382,1019.3972566855891
TR-044188,2025-10-07,1561.6,1595.3941315441227,1628.256386911295,1562.5318761769504,1598.8711575059792
TR-044189,2025-10-07,4752.22,4759.4149304736475,4809.9290632178,4708.900797729496,4760.287405525163
TR-044190,2025-10-07,1234.37,1278.7757458162714,1306.67922629123,1250.8722653413129,1275.1569636418512
TR-044191,2025-10-07,1460.12,1466.8223102854843,1466.401405293118,1467.2432152778506,1467.7927778500982
TR-044192,2025-10-07,2074.22,2083.0879686783583,2097.690486250424,2068.4854511062927,2078.4936647306235
TR-044193,2025-10-07,3829.1,3869.87357137752,3794.1918663574193,3945.5552763976207,3869.684758143809
TR-044194,2025-10-07,760.31,748.4837758169742,752.9090180505253,744.058533583423,746.3730601236498
TR-044195,2025-10-07,1451.78,1449.3945771392237,1454.554708344821,1444.2344459336266,1446.622538327446
TR-044196,2025-10-07,1086.79,1075.6869360666815,1085.764132335364,1065.6097397979993,1070.1679276342088
TR-044197,2025-10-07,3527.99,3585.826597021584,3610.1718853079938,3561.481308735174,3587.599499892522
TR-044198,2025-10-07,1109.09,1140.951791200132,1166.7495643128075,1115.1540180874567,1143.7377702091599
TR-044199,2025-10-07,600.81,586.3507917447737,586.7949048047304,585.906678684817,585.812555406305
TR-044200,2025-10-07,2342.36,2399.4025575272212,2400.209871976035,2398.5952430784073,2389.7894674040117
TR-044201,2025-10-07,5264.82,5367.151094880106,5390.213338192458,5344.088851567754,5369.7490843239375
TR-044202,2025-10-07,934.61,928.0331213164225,927.5819072098991,928.4843354229457,933.468250094286
TR-044203,2025-10-07,3669.51,3580.453381708542,3546.495047154606,3614.4117162624784,3586.9430120491834
TR-044204,2025-10-07,1561.47,1539.6048705136216,1540.7079013382786,1538.5018396889645,1539.4929834182162
TR-044205,2025-10-07,343.65,332.4536383554499,316.66208666773315,348.2451900431667,336.8018652131359
TR-044206,2025-10-07,1050.79,1063.1812084665512,1073.0047694638447,1053.357647469258,1061.4707892132587
TR-044207,2025-10-07,1843.82,1870.6789300765606,1909.0598768496686,1832.2979833034526,1862.8160713138977
TR-044208,2025-10-07,646.5,655.7674768305468,657.0106274913867,654.5243261697069,654.4400871387282
TR-044209,2025-10-07,5552.48,5735.394420451288,5846.679294400725,5624.1095465018525,5733.245166134736
TR-044210,2025-10-07,1769.05,1870.5216188575364,1917.4853172261928,1823.5579204888797,1850.252743344388
TR-044211,2025-10-07,2209.39,2241.1557208722315,2235.677425655088,2246.6340160893756,2239.8869604556694
TR-044212,2025-10-07,1246.09,1257.6367927980023,1289.6319901545965,1225.6415954414078,1251.209169600008
TR-044213,2025-10-07,1148.19,1178.3580172958332,1186.745278598315,1169.9707559933513,1178.3311761519458
TR-044214,2025-10-07,2411.14,2618.3962972555123,2653.6547942333527,2583.137800277672,2609.7516785067237
TR-044215,2025-10-07,725.75,3426.251886395809,3433.290125435563,3419.213647356055,3412.3147199380955
TR-044216,2025-10-07,1548.72,1577.926773801319,1573.8108656797435,1582.0426819228946,1574.1355806361223
TR-044217,2025-10-07,2462.56,2445.1431398709,2452.399517528563,2437.886762213237,2441.437751816212
TR-044218,2025-10-07,1145.57,1227.114634041855,1249.2893880087938,1204.939880074916,1226.084089292833
TR-044219,2025-10-07,1054.4,1061.4553499042192,1065.0408800580535,1057.869819750385,1058.703809765661
TR-044220,2025-10-07,3137.27,3221.3248541644616,3226.833053430753,3215.8166548981703,3196.386537208794
TR-044221,2025-10-07,2978.41,3000.1846983249643,3028.2030025746085,2972.1663940753197,3017.406427011989
TR-044222,2025-10-07,3087.54,3205.437744336711,3245.2969398854216,3165.5785487880007,3201.0474172497848
TR-044223,2025-10-07,4294.78,4334.734927303753,4455.029512752489,4214.440341855016,4333.588661812497
TR-044224,2025-10-07,3853.42,3842.0218477794606,3834.8369932919095,3849.2067022670117,3853.906498475889
TR-044225,2025-10-07,1195.74,1222.3665644774915,1208.0342396864119,1236.698889268571,1224.0382452436252
TR-044226,2025-10-07,2100.06,2157.4407375089318,2156.7373689649257,2158.144106052938,2143.641932745996
TR-044227,2025-10-07,2338.11,2452.8998675309913,2479.143065697536,2426.656669364447,2449.8716671706056
TR-044228,2025-10-07,981.78,998.6748194632889,1030.9018989685196,966.4477399580583,990.3987203797125
TR-044229,2025-10-07,979.31,979.7500195978456,990.7109343763367,968.7891048193545,979.0669937079531
TR-044230,2025-10-07,1628.75,1658.640240985212,1659.3320939338087,1657.9483880366151,1658.919424834909
TR-044231,2025-10-07,2527.69,2579.5385384996666,2611.915317723343,2547.1617592759903,2587.6064136120444
TR-044232,2025-10-07,2997.84,2908.350010811542,2903.7315536423166,2912.968467980767,2902.9596036072844
TR-044233,2025-10-07,2996.55,3116.6114928586685,3153.5327607071845,3079.6902250101525,3121.228958819721
TR-044234,2025-10-07,1751.13,1798.4582025089812,1852.2953321667196,1744.621072851243,1780.9489238178348
TR-044235,2025-10-07,1697.88,1737.2341455028445,1741.000109771556,1733.4681812341328,1731.6001813436674
TR-044236,2025-10-07,2134.87,2170.1763327238596,2207.5441133729023,2132.8085520748164,2161.9465968217173
TR-044237,2025-10-07,2838.8,2880.0611069068445,2875.594814198798,2884.527399614891,2868.0287371739296
TR-044238,2025-10-07,1458.81,1458.1572792985316,1451.4888553480735,1464.8257032489896,1455.6873220298748
TR-044239,2025-10-07,798.7,790.9485143163743,799.0713807293964,782.8256479033521,791.5004375826459
TR-044240,2025-10-07,2936.32,2907.1601486312748,2931.7597851709165,2882.5605120916325,2903.550228093194
TR-044241,2025-10-07,896.02,889.1387084288087,895.6671844026044,882.6102324550129,888.5168155635031
TR-044242,2025-10-07,1807.79,1861.7417950103022,1900.2382666156605,1823.2453234049442,1851.8930473361006
TR-044243,2025-10-07,1912.19,1890.7973192341628,1875.2288410016595,1906.365797466666,1890.2704835791003
TR-044244,2025-10-07,4914.48,4816.979468891532,4866.585117855946,4767.373819927118,4835.2944730814
TR-044245,2025-10-07,1341.93,1356.985631777553,1388.236181711564,1325.735081843542,1354.6407487801407
TR-044246,2025-10-07,4578.11,4554.748427563014,4542.482226135865,4567.014628990164,4558.514671244437
TR-044247,2025-10-07,1934.91,1960.4817089081143,2014.7324920102428,1906.2309258059859,1950.6673615274854
TR-044248,2025-10-07,4255.76,4301.060180602783,4365.7034450336505,4236.416916171916,4278.32506969048
TR-044249,2025-10-07,5055.75,5115.752511614377,5160.496618683834,5071.008404544919,5114.428576492497
TR-044250,2025-10-07,3200.14,3244.142244602872,3235.0100790345314,3253.2744101712124,3230.524382606336
TR-044251,2025-10-07,2812.67,2891.2230717973544,2937.7122106103234,2844.733932984385,2898.9288365383336
TR-044252,2025-10-07,1139.45,1136.8130119890889,1139.2175075935002,1134.4085163846773,1137.890783887852
TR-044253,2025-10-07,4886.24,4921.77454157487,4942.168255813439,4901.380827336302,4888.569377816668
TR-044254,2025-10-07,1369.5,1345.9082279845488,1360.0337141236275,1331.78274184547,1347.795680674435
TR-044255,2025-10-07,2443.14,2442.5095062053842,2488.441311831529,2396.5777005792393,2429.1927941799627
TR-044256,2025-10-07,3332.67,3414.0379272290284,3419.654367424438,3408.4214870336186,3389.247317094675
TR-044257,2025-10-07,3461.27,3447.316629142328,3493.5270595300003,3401.106198754656,3428.410881658675
TR-044258,2025-10-07,3016.26,3070.033693872939,3101.721901125515,3038.3454866203624,3065.246363638378
TR-044259,2025-10-07,2714.39,2684.560440406125,2722.3107698221856,2646.810110990064,2680.4211931747586
TR-044260,2025-10-08,5189.95,5294.58928828094,5294.059222553427,5295.119354008453,5304.6857264007085
TR-044261,2025-10-08,6037.04,6071.522321536129,6077.862196269262,6065.182446802997,6103.309440323902
TR-044262,2025-10-08,3142.74,3205.526184983796,3236.432424215911,3174.619945751682,3198.912575870081
TR-044263,2025-10-08,855.24,834.9103733348579,836.411457531652,833.409289138064,837.6680012680686
TR-044264,2025-10-08,950.68,980.9615007551597,978.539867381119,983.3831341292005,981.8948848052448
TR-044265,2025-10-08,1071.43,1085.2742784635561,1078.945616959138,1091.6029399679742,1087.0293041359996
TR-044266,2025-10-08,1578.75,1561.0729406906762,1553.0716819887425,1569.0741993926097,1564.9316475432433
TR-044267,2025-10-08,1441.53,1479.5933332751251,1475.5017994657333,1483.6848670845168,1483.1875815370568
TR-044268,2025-10-08,14425.42,4506.79741851072,4441.2064423291395,4572.388394692299,4493.194614250304
TR-044269,2025-10-08,1423.7,1417.3324149741488,1402.0767942632924,1432.5880356850055,1424.4054893055372
TR-044270,2025-10-08,3015.04,3043.494006500321,3041.352702266053,3045.63531073459,3040.617614712837
TR-044271,2025-10-08,313.15,1550.8017611550201,1566.6634291156563,1534.940093194384,1546.3680960663419
TR-044272,2025-10-08,3157.99,3100.284445947777,3092.351502394865,3108.217389500689,3099.2755226521185
TR-044273,2025-10-08,4227.08,4395.26481225496,4360.927379578877,4429.602244931042,4404.753058497605
TR-044274,2025-10-08,222.72,219.79026181765613,219.5176004167832,220.06292321852908,220.93552099517126
TR-044275,2025-10-08,1222.99,1220.7289139261156,1216.4803378587983,1224.977489993433,1222.3578840597997
TR-044276,2025-10-08,2211.67,2219.401849871845,2198.228540563464,2240.575159180227,2218.6680927078482
TR-044277,2025-10-08,895.44,919.4949468161772,924.9976247979063,913.992268834448,919.0261023560098
TR-044278,2025-10-08,372.9,383.336701457972,385.0082324632261,381.66517045271803,382.4105111408484
TR-044279,2025-10-08,882.73,927.7929222489497,939.6606446486738,915.9251998492256,930.6726562689546
TR-044280,2025-10-08,3785.69,3910.5334172164976,3931.5869141513745,3889.479920281621,3922.7520048502447
TR-044281,2025-10-08,3332.32,3344.224343912014,3355.9722885321557,3332.4763992918715,3337.9513646943324
TR-044282,2025-10-08,1186.99,1198.0023318675226,1223.3167696072592,1172.6878941277862,1193.0455512005424
TR-044283,2025-10-08,1331.38,1345.9868995107936,1344.0137293297464,1347.9600696918408,1353.1309294954146
TR-044284,2025-10-08,5018.12,5007.216998965287,5008.043730417048,5006.390267513525,5008.005123773117
TR-044285,2025-10-08,3965.18,3957.885764444438,3967.160819413958,3948.610709474918,3972.9278745304546
TR-044286,2025-10-08,820.16,827.5299432658575,823.5993655605637,831.4605209711513,827.260158573467
TR-044287,2025-10-08,4729.66,2012.5637811589463,2008.7698612671309,2016.3577010507618,2014.2873062068975
TR-044288,2025-10-08,2571.46,2630.056014500741,2615.54078473883,2644.5712442626527,2661.5063344910277
TR-044289,2025-10-08,1318.04,1343.8014355915593,1347.504390444498,1340.0984807386203,1350.9583237628726
TR-044290,2025-10-08,1802.45,1813.6262426899102,1823.9385486399242,1803.3139367398962,1809.6551914876052
TR-044291,2025-10-08,1551.27,1630.5888112690545,1658.7919186295892,1602.3857039085199,1630.859020189555
TR-044292,2025-10-08,4277.65,4343.85363159677,4400.448053112455,4287.259210081085,4332.575318121406
TR-044293,2025-10-08,1950.32,1902.5147250566683,1918.5200122655435,1886.509437847793,1911.167570903756
TR-044294,2025-10-08,917.6,933.9888661288915,933.8161022348602,934.1616300229229,935.208584738326
TR-044295,2025-10-08,302.65,313.1606170228504,310.2882088462916,316.0330251994092,308.40188916142336
TR-044296,2025-10-08,1548.61,1578.7885264849044,1593.6597764808073,1563.9172764890016,1573.632497133613
TR-044297,2025-10-08,6263.27,6343.371938342771,6359.27507536402,6327.46880132152,6336.160079130243
TR-044298,2025-10-08,837.86,822.7891228696785,833.803356611131,811.7748891282259,824.4808400882755
TR-044299,2025-10-08,906.63,913.2056097566813,911.6831572266626,914.7280622866999,911.2140559186828
TR-044300,2025-10-08,2996.39,3000.7911985244064,3047.393216776654,2954.189180272159,3018.0049519808763
TR-044301,2025-10-08,825.14,857.3477736619772,880.476943810939,834.2186035130153,851.6455148455424
TR-044302,2025-10-08,1315.64,1290.2487419319987,1286.59004835422,1293.907435509777,1289.8928681744624
TR-044303,2025-10-08,1103.62,1122.119097232449,1126.8335227994737,1117.404671665424,1123.8706336704442
TR-044304,2025-10-08,3801.19,3828.330465058718,3818.8908259235236,3837.7701041939126,3832.1674556372354
TR-044305,2025-10-08,981.87,973.0067906242404,964.8899934827895,981.1235877656912,970.0164605242758
TR-044306,2025-10-08,1659.84,1728.138066494708,1722.1796448044247,1734.0964881849914,1732.3442855546155
TR-044307,2025-10-08,812.96,797.6211427664798,797.7855151900565,797.4567703429032,796.0394902316572
TR-044308,2025-10-08,1719.38,1771.9977199980808,1796.645292700254,1747.3501472959076,1764.3373080046072
TR-044309,2025-10-08,4330.69,4281.797978854684,4342.422860457854,4221.173097251514,4322.690174333978
TR-044310,2025-10-08,3208.13,3261.7226549182897,3227.0550723568917,3296.3902374796876,3257.0554982236686
TR-044311,2025-10-08,5697.12,5854.933264690405,5873.340864342982,5836.525665037828,5836.369954732974
TR-044312,2025-10-08,411.17,1125.288835730303,1115.7426687607724,1134.8350026998335,1126.9644826628562
TR-044313,2025-10-08,3197.76,3299.2321011382423,3297.2178242255973,3301.2463780508874,3277.7949025599696
TR-044314,2025-10-08,1387.71,1414.6398810077728,1421.4601447051953,1407.8196173103504,1417.3271739308052
TR-044315,2025-10-08,2051.57,2069.245235634773,2072.8486464441653,2065.641824825381,2075.192228786676
TR-044316,2025-10-08,1066.71,1067.7883433547297,1074.1649732129658,1061.4117134964936,1066.4638281724451
TR-044317,2025-10-08,2517.8,2568.991620495067,2573.37357078037,2564.6096702097634,2562.5981457262037
TR-044318,2025-10-08,2121.19,2127.2780163551115,2127.6088416387142,2126.947191071509,2119.4763081856727
TR-044319,2025-10-08,3384.59,3359.5529676646656,3346.9284923663445,3372.1774429629872,3373.282405869824
TR-044320,2025-10-08,988.67,984.2215802415639,991.9867281886304,976.4564322944973,983.3392721345222
TR-044321,2025-10-08,626.31,622.5430768884596,630.2774816539246,614.8086721229947,616.2182560289573
TR-044322,2025-10-08,3896.37,4015.1459636481686,4085.579156523802,3944.7127707725354,4011.3315134714135
TR-044323,2025-10-08,923.77,977.1726386113271,998.9766174727846,955.3686597498696,974.2324563881746
TR-044324,2025-10-08,1025.83,1061.5666268849109,1090.5685296314598,1032.564724138362,1061.17188697128
TR-044325,2025-10-08,2880.8,2869.218670386214,2939.5119348122516,2798.9254059601762,2860.8683268076425
TR-044326,2025-10-08,2475.13,2538.7071059895798,2505.069659797726,2572.3445521814333,2535.676484199659
TR-044327,2025-10-08,779.8,782.4256840120656,788.6830958906913,776.16827213344,778.6834999473908
TR-044328,2025-10-08,919.26,951.2573846115588,960.7151154683044,941.7996537548133,950.1024878887257
TR-044329,2025-10-08,3104.79,3347.1026689150704,3397.1923448147595,3297.012993015381,3360.6067498815837
TR-044330,2025-10-08,977.05,981.0794584908592,1000.6944107573104,961.4645062244082,981.1732580954733
TR-044331,2025-10-08,578.45,577.3857862594942,578.3493729639514,576.4221995550371,576.5630427372506
TR-044332,2025-10-08,2499.24,2468.835408784506,2475.8213788072926,2461.8494387617193,2463.2424791939834
TR-044333,2025-10-08,1188.73,1205.511172510121,1196.9717268433678,1214.0506181768744,1207.3500499050447
TR-044334,2025-10-08,1778.52,1733.3897612347623,1722.194076104798,1744.5854463647265,1740.995284129092
TR-044335,2025-10-08,5920.59,5978.971472046569,5872.647753326255,6085.295190766882,5943.030141658379
TR-044336,2025-10-08,2154.76,2224.4234687472417,2243.078687184396,2205.7682503100873,2225.952532748888
TR-044337,2025-10-08,895.22,876.2178144019772,880.9470881817873,871.488540622167,880.4786221064601
TR-044338,2025-10-08,3124.21,3142.0208164996657,3135.692785663794,3148.348847335538,3131.9303895162257
TR-044339,2025-10-08,2842.65,2772.553389581394,2768.187573707967,2776.919205454821,2769.972913769463
TR-044340,2025-10-08,1249.95,1293.9952181351634,1316.0300862940817,1271.9603499762452,1291.7386568038685
TR-044341,2025-10-08,6512.76,6522.034167746002,6624.625100913452,6419.443234578552,6515.5132606480975
TR-044342,2025-10-08,3955.44,4083.65627175725,4135.927939555914,4031.384603958586,4086.1030844606057
TR-044343,2025-10-08,1216.74,1191.1592718397142,1197.730931555788,1184.5876121236402,1191.5033244275603
TR-044344,2025-10-08,2089.49,2114.5975678965915,2104.110660968916,2125.084474824267,2112.2846046496506
TR-044345,2025-10-08,10566.25,2108.724586552437,2089.544453132725,2127.904719972149,2115.7370926347603
TR-044346,2025-10-08,4668.25,4714.411873942799,4739.276252333476,4689.547495552121,4688.2027805344605
TR-044347,2025-10-08,1334.51,1350.459289019097,1358.7221545688915,1342.1964234693023,1351.9453528257336
TR-044348,2025-10-08,972.88,953.7451400779685,951.7418432963659,955.7484368595711,954.2598393312539
TR-044349,2025-10-08,3174.36,3156.2656640980767,3132.8963196510867,3179.6350085450667,3151.7046081591516
TR-044350,2025-10-08,3098.28,3044.217355690198,3019.930163009075,3068.5045483713216,3036.183030590406
TR-044351,2025-10-08,6080.94,6403.288873104013,6513.202839239243,6293.374906968782,6401.2753902234235
TR-044352,2025-10-08,5136.23,5027.33107030503,5062.518016956989,4992.14412365307,5049.7742848575135
TR-044353,2025-10-08,1984.99,2008.0976555460065,1998.9574819573838,2017.237829134629,2010.2401198564598
TR-044354,2025-10-08,1763.19,1718.0453190749965,1711.795071700116,1724.295566449877,1715.9411570717205
TR-044355,2025-10-08,2070.12,2058.471896993003,2085.34671128389,2031.5970827021163,2068.7304185993876
TR-044356,2025-10-08,1645.67,1621.5809386017065,1634.6080776929255,1608.5537995104876,1621.5037320955485
TR-044357,2025-10-08,5333.52,5414.19259261072,5434.295488382583,5394.089696838855,5436.511937105541
TR-044358,2025-10-08,585.34,582.318950466564,585.5556581188353,579.0822428142928,579.556996576749
TR-044359,2025-10-08,2056.8,2176.0269630920266,2226.291902669796,2125.7620235142576,2171.730476560584
TR-044360,2025-10-08,4397.12,4429.300930644847,4441.184399793587,4417.417461496107,4463.649711337844
TR-044361,2025-10-08,2071.17,2114.12114284768,2104.025127148217,2124.2171585471433,2122.3006507538103
TR-044362,2025-10-08,2242.32,2375.4665741904664,2395.316556447672,2355.61659193326,2388.250990568302
TR-044363,2025-10-08,1085.63,1082.6523758800504,1082.0694130936076,1083.235338666493,1081.1616785140088
TR-044364,2025-10-08,3277.97,3339.085057785225,3379.2587311186535,3298.911384451797,3344.50319511275
TR-044365,2025-10-08,1712.04,1694.541150915005,1695.9548025806025,1693.1274992494073,1692.9785354865012
TR-044366,2025-10-08,2247.82,2266.9509753951506,2291.868921676724,2242.033029113577,2275.6951824135504
TR-044367,2025-10-08,4165.0,4250.435238098547,4245.377590645141,4255.492885551953,4253.247909305683
TR-044368,2025-10-08,1396.12,1411.8591125146797,1424.037804212269,1399.6804208170904,1412.6650524776724
TR-044369,2025-10-08,501.69,504.9623002097032,500.66540875968025,509.2591916597261,507.9844234101973
TR-044370,2025-10-08,1152.09,1143.8638892125393,1143.0217258060202,1144.7060526190585,1151.363931493781
TR-044371,2025-10-08,1461.55,1480.9071242184277,1480.6096006519288,1481.2046477849265,1478.1564819769605
TR-044372,2025-10-08,4493.05,4474.312166250335,4465.954062509965,4482.6702699907055,4461.446491814183
TR-044373,2025-10-08,3534.58,3500.532504074543,3488.115536117655,3512.949472031431,3479.434764872305
TR-044374,2025-10-08,2917.59,2902.0151715405336,2932.373142947666,2871.657200133401,2900.339358037221
TR-044375,2025-10-08,3657.67,3688.655771862468,3685.9848187165894,3691.326725008347,3684.657340849072
TR-044376,2025-10-08,1838.07,1865.2226799708424,1877.1826934119465,1853.2626665297385,1873.488920819536
TR-044377,2025-10-08,3042.93,2979.362733225868,2981.086121411209,2977.6393450405267,2979.855220607389
TR-044378,2025-10-08,2100.15,2191.2066595086126,2187.9813983646754,2194.43192065255,2185.2714938032427
TR-044379,2025-10-08,257.52,250.1518153652757,230.3481095782423,269.9555211523091,249.45844164189128
TR-044380,2025-10-08,741.71,753.520223586172,751.305281229022,755.7351659433223,754.2654510467304
TR-044381,2025-10-08,3741.48,3662.853644598923,3637.5872801082446,3688.120009089602,3661.7915689613774
TR-044382,2025-10-08,1996.66,2078.1621594396106,2073.4090551834074,2082.915263695814,2068.4861198292783
TR-044383,2025-10-08,621.68,614.1388978222145,610.8465597569083,617.4312358875208,613.7151651280614
TR-044384,2025-10-08,1700.19,1665.1979828268704,1687.7309830048728,1642.6649826488679,1656.0419857151155
TR-044385,2025-10-08,1500.99,1497.4295278468364,1522.05828264459,1472.8007730490829,1492.4042720301472
TR-044386,2025-10-08,2666.75,2680.9333921768925,2664.9848581761003,2696.881926177685,2685.626371542815
TR-044387,2025-10-08,1875.44,1845.5322866269016,1861.6814629730818,1829.3831102807217,1854.0864194933183
TR-044388,2025-10-08,2445.03,2544.591220072907,2547.092369843983,2542.0900703018315,2551.1665903408466
TR-044389,2025-10-08,5670.75,5791.788344149125,5771.009818417796,5812.566869880453,5788.393330851182
TR-044390,2025-10-08,3544.19,3544.548427109288,3525.845128146832,3563.2517260717436,3533.765542383415
TR-044391,2025-10-08,1308.91,1339.3383934233802,1327.27116211555,1351.4056247312108,1343.6413702802306
TR-044392,2025-10-08,2945.22,2854.4899888412274,2919.4505443675957,2789.5294333148586,2882.916525906575
TR-044393,2025-10-08,5009.84,5140.669688341552,5193.763351021071,5087.5760256620315,5149.808875237871
TR-044394,2025-10-08,1847.58,1802.1559721247195,1789.3580283910683,1814.9539158583705,1814.3057586117138
TR-044395,2025-10-08,4694.66,4677.560793545221,4680.060333716759,4675.061253373684,4716.676127797973
TR-044396,2025-10-08,2735.4,2804.2343975846825,2821.446845935776,2787.0219492335887,2807.501663662664
TR-044397,2025-10-08,4225.88,4296.736927855292,4276.383906299466,4317.089949411118,4300.360582953579
TR-044398,2025-10-08,3194.31,3157.178942739115,3136.1804717660225,3178.177413712208,3147.1827101372646
TR-044399,2025-10-08,3375.73,3386.9834372885452,3403.121462669147,3370.845411907943,3387.6726755553755
TR-044400,2025-10-08,1438.13,1478.2040059916428,1482.7101438373109,1473.6978681459748,1479.2332768012125
TR-044401,2025-10-08,1719.59,1692.7440671437685,1700.4465342552626,1685.0416000322741,1693.9247459680773
TR-044402,2025-10-08,2735.62,2827.3549963506084,2862.0468620894967,2792.6631306117197,2835.8387971449583
TR-044403,2025-10-08,3817.37,3802.61989428429,3825.2691663577534,3779.970622210826,3818.166571012973
TR-044404,2025-10-08,3441.81,3398.8733641137405,3389.4779378315607,3408.26879039592,3400.255398815354
TR-044405,2025-10-08,1053.16,1032.908376509558,1040.073324093832,1025.7434289252835,1030.1658767522763
TR-044406,2025-10-08,2584.59,2596.571239311061,2579.6670807129085,2613.475397909214,2592.983367491327
TR-044407,2025-10-08,3962.36,4006.2159172588663,4041.1546410719034,3971.2771934458297,3995.731517251271
TR-044408,2025-10-08,3502.63,3420.5383916785113,3447.565613438696,3393.511169918327,3397.622406996838
TR-044409,2025-10-08,1196.54,1230.0533869329263,1235.4693053814847,1224.637468484368,1225.4623743062705
TR-044410,2025-10-08,2670.34,2621.9263793505597,2630.9474318831544,2612.9053268179646,2618.5479389998964
TR-044411,2025-10-08,2641.96,2662.6551628021293,2639.7680639973114,2685.5422616069472,2659.4837649712035
TR-044412,2025-10-08,515.65,531.5316831925873,539.3899046559407,523.673461729234,532.6256128373335
TR-044413,2025-10-08,2047.8,2040.5943189704599,2059.5274257359347,2021.6612122049853,2035.2795746141278
TR-044414,2025-10-08,2281.75,623.967031881682,624.4539543607693,623.4801094025946,624.2247683618707
TR-044415,2025-10-08,1264.02,1305.4375031204218,1323.7672449189577,1287.1077613218856,1308.6726397880902
TR-044416,2025-10-08,4584.93,4599.945747260702,4578.99246251938,4620.899032002024,4605.7151200191565
TR-044417,2025-10-08,3093.95,3072.6866567918846,3037.8368149949274,3107.536498588842,3065.491936151805
TR-044418,2025-10-08,1945.36,1977.0571210167982,2008.2472825780796,1945.866959455517,1987.3537567076594
TR-044419,2025-10-08,1324.61,1349.703116551901,1351.4493639321274,1347.9568691716745,1350.1806761866576
TR-044420,2025-10-08,350.21,351.0255308262,343.70724614284075,358.34381550955925,353.60947296195764
TR-044421,2025-10-08,1777.07,1810.30208517667,1796.9290511694483,1823.6751191838919,1814.293265963438
TR-044422,2025-10-08,596.8,593.5847139467497,593.3035479261631,593.8658799673364,592.3168514647186
TR-044423,2025-10-08,4747.88,1515.903356008051,1520.5070388965714,1511.299673119531,1509.3111105506405
TR-044424,2025-10-09,2664.93,2634.039694235497,2618.3908836050814,2649.6885048659124,2632.3638393237916
TR-044425,2025-10-09,1880.05,1876.6670635602493,1862.007009952723,1891.3271171677757,1874.1195847557929
TR-044426,2025-10-09,2542.03,2565.706934323553,2535.74910194456,2595.664766702546,2578.148289989658
TR-044427,2025-10-09,5016.11,4946.103610209488,4979.942815145203,4912.264405273771,4954.351662886102
TR-044428,2025-10-09,599.05,580.7924592954942,576.6505655945775,584.9343529964107,579.6749831268255
TR-044429,2025-10-09,4113.37,4085.3183984304405,4097.709566729643,4072.9272301312385,4099.434796535555
TR-044430,2025-10-09,2121.88,2121.440993967214,2150.115997412047,2092.7659905223813,2136.1928127942765
TR-044431,2025-10-09,2658.76,2646.3402003910496,2631.9166846548574,2660.763716127242,2649.1978306460996
TR-044432,2025-10-09,1313.69,1328.7203957115262,1333.6828084771935,1323.7579829458589,1333.456336924703
TR-044433,2025-10-09,1849.4,1767.3863187973925,1760.9939657368957,1773.7786718578893,1771.030867135678
TR-044434,2025-10-09,1021.86,1004.5009864641046,1002.45321007559,1006.5487628526191,1003.7494923221471
TR-044435,2025-10-09,961.45,973.7984086488734,982.8748837994133,964.7219334983337,968.5108886528014
TR-044436,2025-10-09,2090.03,2077.29605723229,2078.2545946475275,2076.3375198170525,2063.226541203002
TR-044437,2025-10-09,2211.15,2167.599664348906,2124.023231822129,2211.1760968756835,2171.743763267794
TR-044438,2025-10-09,911.78,942.2139514375747,962.478690959484,921.9492119156654,941.7665290443056
TR-044439,2025-10-09,3852.58,3848.1933713394365,3934.532135822624,3761.8546068562487,3860.7304251160604
TR-044440,2025-10-09,5332.05,5462.652532926208,5445.968402318444,5479.336663533971,5457.234397219088
TR-044441,2025-10-09,1585.9,1621.9354740734163,1636.1318765426722,1607.7390716041605,1617.7551805652363
TR-044442,2025-10-09,5938.75,6136.8148030827115,6141.039214676584,6132.590391488839,6133.37110543006
TR-044443,2025-10-09,995.1,1021.4551194872856,1016.3730563999103,1026.5371825746608,1014.8639315648139
TR-044444,2025-10-09,4275.91,4288.88618849028,4260.319998083259,4317.452378897302,4292.478653759409
TR-044445,2025-10-09,4782.28,4813.671135831095,4876.619337788074,4750.722933874116,4798.361769804909
TR-044446,2025-10-09,1266.91,1234.0154327046635,1221.2669470526582,1246.7639183566687,1237.9589693797116
TR-044447,2025-10-09,4404.31,4543.673013373591,4611.0330672437885,4476.312959503392,4579.6539870012075
TR-044448,2025-10-09,4516.71,4474.629624706098,4492.954886450758,4456.3043629614385,4494.262912884378
TR-044449,2025-10-09,1119.61,1093.988690451372,1087.4281976279333,1100.5491832748105,1092.3912115161024
TR-044450,2025-10-09,2617.72,2746.6547602320434,2768.6786409079723,2724.630879556114,2765.0239006278343
TR-044451,2025-10-09,1954.43,1911.7982409686456,1901.1124629505698,1922.4840189867211,1918.7295005990984
TR-044452,2025-10-09,506.9,511.0953740222165,515.0282005797749,507.16254746465813,512.3043815515525
TR-044453,2025-10-09,920.64,909.7922752704078,918.8458808154026,900.738669725413,909.5481325304231
TR-044454,2025-10-09,3737.47,3744.744334414405,3735.7315200393696,3753.7571487894397,3757.3465887337434
TR-044455,2025-10-09,4327.96,4313.062136775548,4313.8380154462075,4312.2862581048885,4300.779834704745
TR-044456,2025-10-09,2254.47,2299.802097493754,2315.846053042389,2283.758141945119,2293.8629358167773
TR-044457,2025-10-09,1795.99,1760.9962337144407,1749.4184721158692,1772.573995313012,1765.1121707031589
TR-044458,2025-10-09,1922.84,1910.8385024776758,1908.2717015062542,1913.4053034490976,1920.7762068663778
TR-044459,2025-10-09,4049.21,4095.361860192822,4150.8423228973215,4039.8813974883224,4105.889047834737
TR-044460,2025-10-09,1371.17,1358.0124033665725,1358.3591292764268,1357.665677456718,1357.3534613667475
TR-044461,2025-10-09,5791.84,5827.704991881788,5756.759360306893,5898.650623456684,5832.584181593542
TR-044462,2025-10-09,1058.31,1040.9588208627622,1042.3794713705981,1039.5381703549263,1040.8412507210242
TR-044463,2025-10-09,2054.89,2017.520226084705,2001.8610307915876,2033.179421377822,2013.7477729639547
TR-044464,2025-10-09,3037.14,3107.7905536303933,3090.1348601781115,3125.446247082675,3118.2163810132706
TR-044465,2025-10-09,816.77,816.7392126893053,817.68924576444,815.7891796141707,816.7259144431566
TR-044466,2025-10-09,1573.0,1559.733803875131,1570.9486080503627,1548.5189996998993,1569.7233205394673
TR-044467,2025-10-09,1260.89,1260.461205424282,1264.1492120718435,1256.7731987767204,1264.3956368187391
TR-044468,2025-10-09,2916.35,2825.3133621698153,2835.0245835395403,2815.60214080009,2828.0586025473567
TR-044469,2025-10-09,223.86,223.32076382458584,218.11453796252934,228.52698968664234,225.23710920938387
TR-044470,2025-10-09,1777.76,1761.6921982578158,1776.6665285567026,1746.717867958929,1771.7884760247352
TR-044471,2025-10-09,4774.04,4631.135636302725,4655.792728186427,4606.478544419024,4648.875444561016
TR-044472,2025-10-09,3423.01,3437.984868097952,3439.7044146345074,3436.265321561397,3440.2940101210534
TR-044473,2025-10-09,2413.73,2348.474976493743,2368.3791079021394,2328.5708450853463,2344.682113091478
TR-044474,2025-10-09,3383.17,3375.82844903695,3368.9735840983612,3382.683313975539,3396.667394652115
TR-044475,2025-10-09,1029.53,1031.6749735004892,1033.1692093915387,1030.1807376094396,1033.3007178117527
TR-044476,2025-10-09,1550.3,1564.2331927292853,1564.6446412316575,1563.8217442269133,1560.1125229852491
TR-044477,2025-10-09,1544.43,1532.9229568033122,1520.6894148171343,1545.1564987894901,1533.536770839201
TR-044478,2025-10-09,4135.5,4031.322217055548,4044.9020081635413,4017.742425947555,4023.7708496305786
TR-044479,2025-10-09,707.53,690.6140670008986,690.5644653368769,690.6636686649202,687.2234607602928
TR-044480,2025-10-09,4078.06,4283.002849728282,4346.4532572442795,4219.552442212285,4263.292581337608
TR-044481,2025-10-09,1955.55,1997.4959069052875,1984.2088775835073,2010.7829362270675,1989.2120268569631
TR-044482,2025-10-09,2973.63,2933.093472592869,2934.57214644468,2931.614798741058,2923.4853543325216
TR-044483,2025-10-09,1956.4,1883.2533026346878,1873.240144343214,1893.2664609261617,1889.959401624757
TR-044484,2025-10-09,1643.75,1693.0726887249489,1711.5488026353648,1674.5965748145331,1689.768390263287
TR-044485,2025-10-09,811.54,847.7809018649684,847.475952699819,848.0858510301179,850.9762226216317
TR-044486,2025-10-09,802.51,812.9380914937063,814.4252840198812,811.4508989675314,812.984621820405
TR-044487,2025-10-09,2089.95,2083.3389806037712,2060.3904180407276,2106.287543166815,2088.468329081501
TR-044488,2025-10-09,1834.67,1845.3553624082442,1866.6659767835508,1824.0447480329374,1842.324763554783
TR-044489,2025-10-09,841.52,873.4393755711826,877.891158633417,868.9875925089483,874.5421845817492
TR-044490,2025-10-09,3969.29,3953.5361989181147,3967.1914995357997,3939.880898300429,3936.409630670201
TR-044491,2025-10-09,1521.83,1481.0645633306676,1478.9482936615943,1483.180832999741,1486.554517820779
TR-044492,2025-10-09,464.23,467.51947649084843,466.661749920369,468.3772030613279,467.7845638446116
TR-044493,2025-10-09,2195.41,2167.5447713080566,2195.84789099647,2139.2416516196427,2156.935199569767
TR-044494,2025-10-09,1962.57,1993.0287184708986,1966.0658239113866,2019.9916130304107,1986.2964702818617
TR-044495,2025-10-09,905.33,932.9370170266778,952.1550034429615,913.7190306103942,935.5356948417445
TR-044496,2025-10-09,1125.21,1135.1693119885713,1148.9683136988222,1121.3703102783206,1142.0788764699857
TR-044497,2025-10-09,6610.87,6560.403872007064,6498.000309870927,6622.8074341432,6574.809819292843
TR-044498,2025-10-09,2958.24,2974.937916729673,2989.381916220921,2960.4939172384247,2963.8198020854406
TR-044499,2025-10-09,5686.14,5580.943888790954,5653.319958724038,5508.5678188578695,5588.003529589683
TR-044500,2025-10-09,3519.69,3601.156877270839,3584.9139740626565,3617.3997804790215,3608.365987942062
TR-044501,2025-10-09,3828.39,3787.3200410284717,3752.1293751064686,3822.510706950475,3799.476306828222
TR-044502,2025-10-09,4282.29,4258.254574927709,4277.699833537618,4238.809316317798,4235.450929484445
TR-044503,2025-10-09,5511.27,1416.4197281364322,1413.0021144243485,1419.8373418485162,1417.81312352027
TR-044504,2025-10-09,656.59,683.5599802371578,689.7114208571908,677.4085396171248,681.4385790442543
TR-044505,2025-10-09,1044.29,1040.2583471725761,1028.8462271168971,1051.670467228255,1042.5274496169277
TR-044506,2025-10-09,2611.99,2733.4721393537166,2764.372834228206,2702.5714444792275,2732.349319624147
TR-044507,2025-10-09,3806.22,3903.679100696373,3926.9651001961684,3880.393101196578,3908.4428775053366
TR-044508,2025-10-09,1457.28,1500.5611153322752,1527.373467423509,1473.7487632410416,1495.5287276143267
TR-044509,2025-10-09,973.83,999.4486467256911,1007.2026635592625,991.6946298921197,1003.713824821463
TR-044510,2025-10-09,1926.36,1934.0673047680043,1952.9986861627801,1915.1359233732285,1919.3596558271215
TR-044511,2025-10-09,1431.35,1450.9072998649917,1465.8166322670456,1435.9979674629378,1451.481573461539
TR-044512,2025-10-09,2149.17,2136.9079767737894,2190.943764373087,2082.8721891744913,2131.832100953833
TR-044513,2025-10-09,1241.75,1248.3517584410358,1249.0867756077314,1247.6167412743403,1237.8554540328928
TR-044514,2025-10-09,5053.13,5154.841277287326,5112.531253493533,5197.1513010811195,5111.694259537593
TR-044515,2025-10-09,958.28,953.7021136715825,975.6535266182274,931.7507007249378,947.491770032568
TR-044516,2025-10-09,1203.76,1196.9998032826898,1200.4235357671319,1193.5760707982474,1192.7291610777975
TR-044517,2025-10-09,2237.63,2255.445312371581,2254.6851297751,2256.2054949680623,2248.858768776294
TR-044518,2025-10-09,1117.48,1148.9302796218326,1143.630044574335,1154.2305146693302,1143.6915685790614
TR-044519,2025-10-09,3466.55,3643.110757585446,3690.0665210769744,3596.154994093918,3671.8620330228728
TR-044520,2025-10-09,1571.77,1619.7787275942687,1640.357873137025,1599.1995820515126,1621.7506296398994
TR-044521,2025-10-09,1901.84,1934.2572706346482,1955.203465442935,1913.3110758263613,1921.84996604459
TR-044522,2025-10-09,2504.88,2532.5908026916113,2567.809537430614,2497.3720679526086,2524.3238364737463
TR-044523,2025-10-09,611.91,628.0968640353676,645.6142035033428,610.5795245673925,624.0085701442702
TR-044524,2025-10-09,2940.49,731.1698879681079,746.0744577048614,716.2653182313544,733.6419985603613
TR-044525,2025-10-09,3704.53,3656.9627966780645,3629.0862071110832,3684.8393862450457,3660.1546336911515
TR-044526,2025-10-09,1095.83,1080.2033140259591,1082.744344893258,1077.66228315866,1087.5147383435956
TR-044527,2025-10-09,4016.71,4054.7073529245035,4067.9280434589073,4041.4866623901,4044.4924127800837
TR-044528,2025-10-09,1701.51,1696.271493835256,1681.2826386523236,1711.2603490181882,1699.0264666132948
TR-044529,2025-10-09,5687.25,5722.696074289981,5748.672444042501,5696.7197045374605,5734.333773454241
TR-044530,2025-10-09,4901.87,5039.552456913454,5074.528005755803,5004.576908071104,5054.898680951925
TR-044531,2025-10-09,4501.42,4617.794733379655,4604.562985305173,4631.026481454137,4675.269817390334
TR-044532,2025-10-09,4628.73,4722.796643156607,4746.194675716358,4699.398610596856,4719.534448499542
TR-044533,2025-10-09,5069.63,4869.255623145267,4900.630591063617,4837.880655226917,4874.3031003784145
TR-044534,2025-10-09,3540.21,3626.909442319782,3712.352991915806,3541.4658927237583,3638.384709845627
TR-044535,2025-10-09,3957.89,3978.7685014897047,3985.8302547303265,3971.706748249083,3961.2738173419457
TR-044536,2025-10-09,3939.62,3907.5330130439734,3904.721576124849,3910.3444499630978,3923.0046807826843
TR-044537,2025-10-09,1639.77,1657.3690762939623,1674.3449478596292,1640.3932047282951,1655.6586763474756
TR-044538,2025-10-09,665.88,650.9358372747121,653.7690245728534,648.1026499765708,651.9054941927237
TR-044539,2025-10-09,942.96,939.7938561783197,947.4650057792113,932.1227065774282,941.7352207698118
TR-044540,2025-10-09,2603.65,2631.19829388157,2637.143139520657,2625.253448242483,2623.731747960516
TR-044541,2025-10-09,2071.76,2145.9942353229735,2144.8766357416534,2147.1118349042936,2148.913938539275
TR-044542,2025-10-09,1691.61,1685.2553397435559,1672.2649760424392,1698.2457034446727,1699.1468876118324
TR-044543,2025-10-09,4241.74,4398.552957232002,4405.470403188569,4391.6355112754345,4386.078080505497
TR-044544,2025-10-09,3757.74,3707.2441963458773,3678.0483122599935,3736.440080431761,3711.764321647339
TR-044545,2025-10-09,1152.84,1171.3425511963628,1162.2281296900776,1180.4569727026483,1170.8091298678303
TR-044546,2025-10-09,1789.11,1773.9649819428741,1743.3429480531447,1804.5870158326038,1783.8464359613417
TR-044547,2025-10-09,742.74,748.1415590540114,742.3914492206177,753.891668887405,748.7717899124495
TR-044548,2025-10-09,794.34,804.0546037567199,808.3011857094964,799.8080218039432,800.4297664483046
TR-044549,2025-10-09,1612.45,1633.2303083709012,1622.378649767376,1644.0819669744265,1634.2812117218118
TR-044550,2025-10-09,4242.66,4273.70441612124,4359.963646699847,4187.445185542633,4297.253003650608
TR-044551,2025-10-09,1769.34,1754.9925198103665,1761.2121058734258,1748.7729337473072,1766.417309476224
TR-044552,2025-10-09,1423.71,1397.568272936841,1384.697237098232,1410.4393087754495,1399.5829866268537
TR-044553,2025-10-09,1653.45,1624.5670069390499,1629.5210224737773,1619.6129914043222,1627.7057217807574
TR-044554,2025-10-09,2008.89,2005.2068420260034,1984.2758227003794,2026.1378613516274,2008.9990107440071
TR-044555,2025-10-09,1077.79,1101.7000850752324,1109.577207003334,1093.8229631471306,1099.3859212661782
TR-044556,2025-10-09,367.67,1016.0924070344338,1018.3880834926567,1013.7967305762107,1015.601485841858
TR-044557,2025-10-09,874.67,918.1517417019661,934.2454644302805,902.0580189736515,918.8995360020053
TR-044558,2025-10-09,856.91,850.0628642035174,843.1244709626675,857.0012574443674,848.7733612285797
TR-044559,2025-10-09,5584.9,5589.311528532386,5587.042131237592,5591.580925827179,5628.971622042385
TR-044560,2025-10-09,1059.7,1045.6848271251647,1053.8454769994942,1037.524177250835,1040.8654930621824
TR-044561,2025-10-09,2781.77,2866.55590333099,2881.7469378584733,2851.364868803507,2856.607015016141
TR-044562,2025-10-09,1776.94,1706.2747626872501,1701.117907860701,1711.4316175137992,1708.0476167835084
TR-044563,2025-10-09,1556.42,1591.2979725598238,1581.9011793748282,1600.6947657448195,1589.8376297587452
TR-044564,2025-10-09,2283.31,2315.198454793557,2357.293712142693,2273.1031974444218,2317.545753405526
TR-044565,2025-10-09,1484.72,1477.3552669051624,1484.951316288568,1469.759217521757,1472.8701208475784
TR-044566,2025-10-09,1264.57,1306.9812345091668,1332.386810799812,1281.5756582185213,1305.4026450703452
TR-044567,2025-10-09,2415.68,2413.726624495808,2370.349102566095,2457.1041464255213,2408.5592110506223
TR-044568,2025-10-09,231.71,232.1809993539797,227.4274890306115,236.93450967734793,233.8709901696717
TR-044569,2025-10-09,3521.35,3505.713175535694,3481.0886769847402,3530.3376740866474,3501.5744721073997
TR-044570,2025-10-09,2405.13,2400.3286505152146,2385.9718319382896,2414.68546909214,2394.504563285253
TR-044571,2025-10-09,282.04,279.2332754499819,264.1911826044958,294.27536829546796,284.2049151360151
TR-044572,2025-10-09,1163.86,1174.9110003404844,1186.3830645434866,1163.4389361374824,1178.834937701744
TR-044573,2025-10-09,1445.85,1432.2163812596468,1418.4862279685408,1445.9465345507529,1432.1108842646886
TR-044574,2025-10-09,3348.58,3287.1399310531015,3281.487213179214,3292.7926489269885,3317.723612970035
TR-044575,2025-10-09,396.7,386.72299952832833,368.70261616869067,404.743382887966,390.4223351024734
TR-044576,2025-10-09,4226.48,4308.227939655511,4341.547782440977,4274.908096870046,4309.418391598851
TR-044577,2025-10-09,1415.91,1404.9650624102783,1407.1805660695638,1402.749558750993,1406.8296377008292
TR-044578,2025-10-10,5360.52,5493.782550718526,5509.900626797127,5477.664474639924,5492.5812693794505
TR-044579,2025-10-10,2275.93,2376.408105252737,2417.7878101027554,2335.028400402719,2382.137637360846
TR-044580,2025-10-10,1853.27,1792.5949075368317,1773.9372589188965,1811.2525561547668,1800.905604746462
TR-044581,2025-10-10,1128.32,1143.2055245790234,1150.1196119155204,1136.2914372425264,1144.4618961960725
TR-044582,2025-10-10,1898.58,1922.7922791026972,1916.6519731386966,1928.932585066698,1934.8073794451752
TR-044583,2025-10-10,3378.19,3262.1845008362443,3295.3266468584184,3229.0423548140707,3273.964505623996
TR-044584,2025-10-10,1028.21,1036.6383996983209,1033.7486829727802,1039.5281164238615,1032.760843133297
TR-044585,2025-10-10,1244.46,1246.0885145352113,1250.0556648438453,1242.1213642265775,1250.4509959290558
TR-044586,2025-10-10,2302.46,2257.6633435277136,2294.6120090819004,2220.7146779735267,2268.449216267817
TR-044587,2025-10-10,3759.04,3807.2169034776052,3831.3738256094616,3783.0599813457484,3824.0716029281202
TR-044588,2025-10-10,2435.89,2399.1861574800573,2394.507965126078,2403.8643498340366,2392.6039017553167
TR-044589,2025-10-10,2421.18,2345.3393003542124,2363.4526360868813,2327.225964621544,2338.97808619598
TR-044590,2025-10-10,4254.93,4159.199344032406,4242.008714126062,4076.3899739387507,4164.86823851795
TR-044591,2025-10-10,2033.38,2028.9486913381913,2013.8511985947605,2044.0461840816222,2019.7237451606727
TR-044592,2025-10-10,993.54,1021.6369599318318,1023.8116386220207,1019.4622812416428,1031.260705759928
TR-044593,2025-10-10,789.41,805.1115464946542,804.3340950630427,805.8889979262658,801.3536721252417
TR-044594,2025-10-10,2242.33,2218.5816183446605,2226.8242266237976,2210.339010065524,2227.22008840736
TR-044595,2025-10-10,4589.65,4575.616358370018,4699.516414255988,4451.716302484049,4611.362315186512
TR-044596,2025-10-10,3217.79,3320.3513450810387,3340.350308485638,3300.3523816764396,3310.5196272334174
TR-044597,2025-10-10,2864.16,2854.817384882656,2878.984265274522,2830.65050449079,2844.631242383477
TR-044598,2025-10-10,2174.63,2161.646247379361,2192.060779342586,2131.2317154161356,2164.960638972172
TR-044599,2025-10-10,2343.86,2345.1640316932944,2349.832161305128,2340.495902081461,2345.1372436985894
TR-044600,2025-10-10,4335.83,4373.307913762839,4388.944432965516,4357.671394560162,4356.0949256938275
TR-044601,2025-10-10,3522.2,3615.4752159220684,3692.2592930351334,3538.6911388090034,3610.443275768958
TR-044602,2025-10-10,915.66,899.1101443581745,907.9872502075993,890.2330385087497,896.1151968983138
TR-044603,2025-10-10,2507.38,2565.215102416553,2583.194408181324,2547.2357966517816,2557.7763954365037
TR-044604,2025-10-10,3614.88,3775.292464535839,3830.686226929868,3719.8987021418097,3778.1563930498996
TR-044605,2025-10-10,2154.79,2181.6300665251515,2208.5572666453863,2154.7028664049167,2182.8193952071792
TR-044606,2025-10-10,5539.54,5624.73823844296,5710.615673990773,5538.860802895148,5630.701751172877
TR-044607,2025-10-10,3574.14,3532.742591113606,3555.5859909108754,3509.8991913163363,3523.0104600258414
TR-044608,2025-10-10,1984.11,2034.6700793233836,2003.3950608949747,2065.9450977517927,2044.6123529857055
TR-044609,2025-10-10,4085.99,3932.4185857459925,3980.072338126424,3884.7648333655607,3939.397388797366
TR-044610,2025-10-10,3224.7,3253.5221132593074,3243.430296050718,3263.613930467897,3233.697305738063
TR-044611,2025-10-10,3692.86,3719.347534421932,3704.5508694911646,3734.144199352699,3715.1179422666337
TR-044612,2025-10-10,3564.26,3635.289171016857,3666.0679103110097,3604.5104317227047,3627.494045218392
TR-044613,2025-10-10,2527.85,2454.537576722865,2476.182172071746,2432.892981373984,2457.431935793328
TR-044614,2025-10-10,2094.59,901.9784200974862,916.7929220653907,887.1639181295816,895.4330336742603
TR-044615,2025-10-10,1264.94,1260.190761749389,1259.0080531325277,1261.3734703662499,1267.9002844974848
TR-044616,2025-10-10,2194.61,2217.33189924442,2215.5364097649344,2219.127388723906,2211.2055516673104
TR-044617,2025-10-10,4045.17,4008.8669093708913,4061.8773528901843,3955.856465851599,4015.2461381034946
TR-044618,2025-10-10,3893.83,3882.3041902334426,3939.407670918952,3825.200709547933,3869.5374350800803
TR-044619,2025-10-10,1653.38,1694.0922527339435,1740.3988572052128,1647.7856482626742,1687.8922422143662
TR-044620,2025-10-10,4118.68,4220.081438634042,4308.96181331522,4131.2010639528635,4241.103442137837
TR-044621,2025-10-10,4176.34,4236.137640297449,4307.425109692637,4164.85017090226,4248.105949355484
TR-044622,2025-10-10,2062.28,2092.7823840747415,2086.0755661622975,2099.489201987185,2095.0796944573913
TR-044623,2025-10-10,1806.72,1786.6024105173285,1809.25835632569,1763.946464708967,1793.8614563172614
TR-044624,2025-10-10,4782.29,4771.422448962134,4747.312137640839,4795.5327602834295,4760.026196852415
TR-044625,2025-10-10,1473.33,1479.321057094322,1501.8902397007853,1456.7518744878585,1479.9693620783855
TR-044626,2025-10-10,1562.83,1528.1948775841552,1559.632352888912,1496.757402279398,1527.8193776216144
TR-044627,2025-10-10,2032.95,2024.9265887656718,2044.9185230553835,2004.93465447596,2039.3735619649947
TR-044628,2025-10-10,3836.59,3828.0955064034943,3856.8847486641807,3799.3062641428073,3827.5999998593097
TR-044629,2025-10-10,4088.24,4181.562167813243,4270.116179259336,4093.00815636715,4180.635905311019
TR-044630,2025-10-10,3500.41,3411.167723523464,3434.9308972501058,3387.4045497968223,3413.2131769440716
TR-044631,2025-10-10,1738.92,1771.7667719519675,1760.9500367443613,1782.5835071595736,1777.864056366846
TR-044632,2025-10-10,5899.4,5871.467768021805,5870.043513642036,5872.892022401574,5874.567130670276
TR-044633,2025-10-10,4160.02,4180.63035666671,4199.7893302592665,4161.471383074155,4193.785539542536
TR-044634,2025-10-10,4594.27,4495.486582717608,4589.819760600015,4401.153404835201,4496.823605087586
TR-044635,2025-10-10,960.78,987.3652240827239,1014.73384009704,959.9966080684078,983.8511753382547
TR-044636,2025-10-10,2855.05,2866.652417544897,2863.601147988425,2869.7036871013693,2865.545823056352
TR-044637,2025-10-10,379.54,377.6963157249769,379.36647591932035,376.0261555306334,377.6069409317529
TR-044638,2025-10-10,1199.69,1201.4494366985678,1240.0556885446406,1162.843184852495,1198.2720086059817
TR-044639,2025-10-10,2093.43,2098.4031178858268,2133.2003572080944,2063.6058785635596,2090.358684602844
TR-044640,2025-10-10,5694.27,5622.668078735991,5639.280573515626,5606.055583956356,5633.709856421838
TR-044641,2025-10-10,3828.99,3924.4532567213873,3978.8014840550227,3870.1050293877524,3937.0281434614267
TR-044642,2025-10-10,3758.85,3816.2916267024993,3890.150444788047,3742.432808616951,3812.158426577166
TR-044643,2025-10-10,5681.14,5727.802157682149,5822.751944408392,5632.852370955907,5727.591466107731
TR-044644,2025-10-10,803.07,781.3391341264929,791.7910236488646,770.8872446041213,781.7482409983988
TR-044645,2025-10-10,1590.39,1584.3032546819734,1588.270059986577,1580.3364493773697,1588.104439009112
TR-044646,2025-10-10,3398.84,3508.601175326219,3498.7919522764337,3518.410398376004,3502.5269262264796
TR-044647,2025-10-10,4761.97,4633.785457877594,4664.956806636343,4602.614109118846,4634.3129262223565
TR-044648,2025-10-10,2890.9,2843.658865602836,2862.480051366189,2824.837679839483,2855.256617396149
TR-044649,2025-10-10,866.98,883.432169287066,896.8592213631639,870.005117210968,882.405935959637
TR-044650,2025-10-10,2545.24,2466.369049525055,2479.99385700851,2452.744242041599,2466.6748395532495
TR-044651,2025-10-10,2601.44,2516.265066443353,2539.214644701305,2493.3154881854016,2515.974253664399
TR-044652,2025-10-10,1283.49,1247.0639309299509,1247.0704454753868,1247.0574163845147,1246.8955899058192
TR-044653,2025-10-10,1327.27,1331.9051951325564,1347.2980254694337,1316.512364795679,1331.4738731637485
TR-044654,2025-10-10,2213.71,2350.4950492592807,2338.816733922562,2362.173364595999,2348.722805770125
TR-044655,2025-10-10,2460.2,2512.7114931284527,2501.261817533895,2524.1611687230106,2504.596380870925
TR-044656,2025-10-10,798.7,786.7292518847842,787.3743972292727,786.0841065402955,786.8645241238435
TR-044657,2025-10-10,906.37,907.9484399819482,912.4319735791389,903.4649063847576,908.9353929235783
TR-044658,2025-10-10,2636.13,2704.7648918253562,2690.423959972617,2719.105823678095,2689.388767092363
TR-044659,2025-10-10,1146.59,1162.7701144160003,1158.5604415718194,1166.9797872601812,1163.0689562263478
TR-044660,2025-10-10,1430.83,1422.223321907008,1414.815523767637,1429.631120046379,1420.0907455340553
TR-044661,2025-10-10,2381.74,2383.32937368947,2375.8937690058797,2390.76497837306,2392.960050903923
TR-044662,2025-10-10,1862.97,1864.8564259921695,1906.1181550121105,1823.5946969722288,1876.648829944974
TR-044663,2025-10-10,634.08,609.6536936290452,611.2071115944076,608.1002756636829,613.2991219112439
TR-044664,2025-10-10,877.06,856.2831877084284,864.4175505614612,848.1488248553957,855.248108554574
TR-044665,2025-10-10,2343.09,2496.614358781596,2532.184970107372,2461.0437474558203,2502.4541831614906
TR-044666,2025-10-10,770.02,774.6149403960749,776.1362008553466,773.093679936803,771.8947396819278
TR-044667,2025-10-10,1180.98,1203.665323566422,1209.342863001565,1197.9877841312789,1198.7165320958275
TR-044668,2025-10-10,2260.68,2303.824892506076,2284.8847101798488,2322.7650748323035,2296.809197752789
TR-044669,2025-10-10,3613.73,3691.23232285788,3733.191923351821,3649.272722363939,3694.0041042333924
TR-044670,2025-10-10,1431.42,1394.3748033765132,1403.5811440417465,1385.1684627112797,1398.0042206780754
TR-044671,2025-10-10,200.31,1028.0679972317655,1039.2126404988608,1016.9233539646702,1025.7970062597637
TR-044672,2025-10-10,2740.91,2751.070105241215,2798.4566793522868,2703.683531130144,2743.6910338244716
TR-044673,2025-10-10,3052.02,3099.5583574839366,3103.926135372989,3095.190579594884,3099.9812263311337
TR-044674,2025-10-10,3638.92,3605.984011590678,3611.096903845506,3600.87111933585,3598.1404250663068
TR-044675,2025-10-10,3223.52,3199.751969983561,3256.4880779100695,3143.015862057053,3202.6452574859377
TR-044676,2025-10-10,5148.13,5187.966469808263,5232.808044687829,5143.124894928697,5189.689831392612
TR-044677,2025-10-10,6336.16,6203.80714953183,6231.697490564875,6175.916808498785,6218.371727694884
TR-044678,2025-10-10,1505.85,1487.2325356368528,1482.8807486845712,1491.5843225891347,1484.107529621282
TR-044679,2025-10-10,2540.67,2502.2315978981414,2492.4565095577373,2512.006686238545,2509.9416004323957
TR-044680,2025-10-10,1331.84,1300.5078217870787,1301.671565341703,1299.3440782324544,1302.6077271849797
TR-044681,2025-10-10,1633.71,1551.6126571736718,1560.5102913695553,1542.7150229777885,1555.1376011803006
TR-044682,2025-10-10,4065.44,4081.2553566283295,4138.279629839274,4024.231083417385,4095.165666107523
TR-044683,2025-10-10,2737.93,2829.2598883835685,2829.526094120897,2828.99368264624,2827.8235180011225
TR-044684,2025-10-10,1092.65,1156.0012218419902,1142.5996204453318,1169.4028232386486,1158.6065243455016
TR-044685,2025-10-10,4871.12,4839.219242808533,4869.479973354386,4808.9585122626795,4814.795761094178
TR-044686,2025-10-10,1190.14,1189.4603186152663,1184.8613188716806,1194.059318358852,1182.9865220906827
TR-044687,2025-10-10,905.9,872.4601387446615,879.5508786951965,865.3693987941266,875.2154403618651
TR-044688,2025-10-10,875.41,892.7793055039153,896.0089271474956,889.5496838603351,893.4048442863806
TR-044689,2025-10-10,2080.96,2189.4197126468225,2247.690419048404,2131.149006245241,2191.868004802249
TR-044690,2025-10-10,3355.91,3363.659272562652,3430.5440814379253,3296.7744636873786,3377.2351307701438
TR-044691,2025-10-10,2357.78,2396.4294944984886,2429.6815692348914,2363.1774197620857,2402.5474560979974
TR-044692,2025-10-10,3711.34,3788.9034979033277,3815.6859384320064,3762.1210573746494,3786.725290223577
TR-044693,2025-10-10,362.69,1779.850163611673,1787.4416000299145,1772.2587271934315,1780.9525296319675
TR-044694,2025-10-10,3873.54,3846.7760238248366,3880.9836471586113,3812.5684004910613,3861.385614183683
TR-044695,2025-10-10,833.33,827.8992751545672,839.6376358957701,816.1609144133644,825.8399617742925
TR-044696,2025-10-10,2599.36,2587.2328758754484,2582.521839318411,2591.943912432486,2589.3661200276856
TR-044697,2025-10-10,2073.63,2056.91050280737,2067.8041270469607,2046.0168785677795,2061.315260565918
TR-044698,2025-10-10,838.28,839.3800604928701,840.4490678076734,838.3110531780668,840.8626086212753
TR-044699,2025-10-10,961.44,972.9647792836588,977.8856978689392,968.0438606983784,968.4170508038943
TR-044700,2025-10-10,1654.14,1667.777307647096,1706.9834088700877,1628.5712064241043,1670.2618866369428
TR-044701,2025-10-10,1747.88,1741.0211763213874,1756.8927182136526,1725.1496344291224,1745.1885754111213
TR-044702,2025-10-10,710.97,722.4032274524718,738.8454114240475,705.9610434808961,725.4358978970233
TR-044703,2025-10-10,610.44,610.9405671744287,619.0389338541405,602.8422004947167,611.2888529585096
TR-044704,2025-10-10,1258.79,1246.7157752816543,1239.2051496375557,1254.2264009257526,1249.8019232073216
TR-044705,2025-10-10,1787.06,1763.1843917624449,1776.5255086167058,1749.843274908184,1751.8055181828006
TR-044706,2025-10-10,637.89,633.1619338813637,627.1539620418985,639.1699057208289,634.418349748647
TR-044707,2025-10-10,2339.21,2344.0706707889576,2363.316302383692,2324.8250391942233,2349.6971404997685
TR-044708,2025-10-10,1608.79,1563.4103514896879,1559.530873456716,1567.2898295226598,1558.8376473307278
TR-044709,2025-10-10,3775.5,3723.946791066212,3709.636457579741,3738.257124552683,3739.2025103229334
TR-044710,2025-10-10,1003.34,1009.0309446002682,1017.2466144068085,1000.815274793728,1004.310331328915
TR-044711,2025-10-10,1226.9,1248.2302767457686,1241.7464957200855,1254.7140577714517,1251.0232946551728
TR-044712,2025-10-10,3849.77,3778.4151783083053,3796.363723444029,3760.466633172582,3765.0368312264227
TR-044713,2025-10-10,1328.5,1328.9789013493378,1338.2777460925574,1319.6800566061181,1329.0875822097623
TR-044714,2025-10-10,2169.55,2170.919743526175,2138.9985477371924,2202.840939315157,2174.0525493576006
TR-044715,2025-10-10,2089.85,2098.693792999048,2148.5498541699158,2048.8377318281805,2108.230203928163
TR-044716,2025-10-10,1909.37,1898.108082318417,1879.8363497856487,1916.3798148511853,1908.3530261930732
TR-044717,2025-10-10,3714.5,3683.0279375953605,3687.011890145986,3679.043985044735,3680.5427510080176
TR-044718,2025-10-10,1525.78,1515.6563909605857,1525.0232377573393,1506.2895441638318,1519.9654453598494
TR-044719,2025-10-10,3046.89,3006.5723313079443,3020.4850394717596,2992.6596231441285,3013.4066376008823
TR-044720,2025-10-10,2290.09,2266.961601698928,2296.524142805227,2237.399060592629,2271.4143614433715
TR-044721,2025-10-10,3221.15,3225.5455483099577,3242.938660091995,3208.1524365279206,3206.5744220758797
TR-044722,2025-10-10,1288.83,1268.7899364768339,1288.2140618649728,1249.365811088695,1268.7648219707032
TR-044723,2025-10-10,2573.69,2566.3301891667234,2595.2030152354173,2537.457363098029,2556.0024110904246
TR-044724,2025-10-10,1717.37,1747.662043045886,1746.5071726140843,1748.8169134776876,1751.3453324354282
TR-044725,2025-10-10,1955.02,1987.8982396538986,2016.5145324728703,1959.2819468349269,2001.5607866193404
TR-044726,2025-10-10,1835.97,1892.9779040364594,1866.3015977689136,1919.6542103040053,1890.6799127376116
TR-044727,2025-10-10,3745.12,3751.622370076627,3816.892039629494,3686.35270052376,3755.043680490404
TR-044728,2025-10-10,750.33,728.413615576387,736.1592371299909,720.667994022783,729.9176430950133
TR-044729,2025-10-10,3518.45,3419.600944984344,3421.957904333677,3417.2439856350106,3420.3602381930914
TR-044730,2025-10-10,3543.04,3569.217765917976,3644.814501788441,3493.6210300475113,3563.1271311828978
TR-044731,2025-10-11,4130.04,4360.1901488641815,4476.360869313677,4244.019428414687,4364.468746094387
TR-044732,2025-10-11,2066.18,2065.9220209041023,2060.3795450880525,2071.4644967201516,2066.670357233508
TR-044733,2025-10-11,3996.28,4055.5514534346885,4131.5508411418405,3979.552065727536,4038.144069867608
TR-044734,2025-10-11,2143.64,2154.8618303776184,2211.215106250839,2098.508554504398,2145.9411092270343
TR-044735,2025-10-11,2526.69,2544.314065344713,2551.7551962569614,2536.8729344324647,2538.7595829375914
TR-044736,2025-10-11,1451.28,1431.5478508072365,1451.6038616989715,1411.4918399155015,1425.2320334707333
TR-044737,2025-10-11,624.8,629.3313508492895,632.2759126593111,626.3867890392678,629.4487020898544
TR-044738,2025-10-11,4266.12,4233.56844737678,4295.742216008883,4171.394678744676,4204.334628213606
TR-044739,2025-10-11,1446.63,1442.7279665298988,1447.952255832626,1437.5036772271715,1433.8214532311572
TR-044740,2025-10-11,1659.78,1651.801391433851,1649.355579535401,1654.247203332301,1648.9055694834753
TR-044741,2025-10-11,592.16,610.0293262063997,627.8703445280344,592.188307884765,610.177317488494
TR-044742,2025-10-11,3718.09,3735.248420804783,3784.2732446018813,3686.223597007685,3715.9983904787405
TR-044743,2025-10-11,2569.64,2679.8519408148913,2714.9970459110086,2644.7068357187745,2669.833963354359
TR-044744,2025-10-11,3529.82,3660.4842896081327,3718.7645457778494,3602.2040334384155,3646.54839901788
TR-044745,2025-10-11,995.91,1035.6703441136028,1062.1578598967794,1009.1828283304261,1028.9305496787845
TR-044746,2025-10-11,2469.04,2547.0176073550683,2534.287972410537,2559.7472422995993,2534.4088225302426
TR-044747,2025-10-11,1185.3,1195.2406119899795,1196.1180706537614,1194.3631533261976,1195.8481334873572
TR-044748,2025-10-11,1222.96,1275.687002793143,1280.1177820525706,1271.2562235337152,1273.9504301636155
TR-044749,2025-10-11,830.84,837.2469332710078,857.7676592724371,816.7262072695786,840.7409665286955
TR-044750,2025-10-11,1833.98,1939.5796945496068,1979.5392425151736,1899.6201465840402,1933.3972544763824
TR-044751,2025-10-11,4593.62,4681.76594197646,4709.840122237269,4653.691761715652,4665.314370684585
TR-044752,2025-10-11,576.81,590.3743135619918,597.1123700446216,583.636257079362,587.8526431238482
TR-044753,2025-10-11,2696.69,2761.2555789634143,2817.3615790362496,2705.1495788905795,2756.725094764638
TR-044754,2025-10-11,2900.53,3004.8511639300095,2995.629384271628,3014.072943588391,3000.8269887716933
TR-044755,2025-10-11,1409.03,1370.0985431645975,1387.1307579809713,1353.0663283482236,1364.236544867565
TR-044756,2025-10-11,330.59,348.58988693218055,366.6703873579034,330.50938650645764,347.1220550815007
TR-044757,2025-10-11,2634.45,2563.6966776511217,2551.904401486327,2575.4889538159164,2549.7473097785155
TR-044758,2025-10-11,3226.88,3154.321512400862,3163.821723400252,3144.821301401472,3160.6336055975316
TR-044759,2025-10-11,1539.47,1508.8996408418939,1524.4650020198094,1493.3342796639781,1503.5981441877566
TR-044760,2025-10-11,1278.47,1325.0953030276667,1338.8117207382538,1311.3788853170795,1322.4161122563191
TR-044761,2025-10-11,1171.99,1222.7816393283388,1251.4072753880462,1194.1560032686316,1215.5236631626435
TR-044762,2025-10-11,652.79,664.1459408901881,681.4932407617459,646.7986410186302,660.7231656340398
TR-044763,2025-10-11,2435.68,2499.5203043094825,2519.3476177748325,2479.692990844133,2489.916902827768
TR-044764,2025-10-11,1097.91,1107.9014901104506,1112.1629508898732,1103.6400293310278,1105.307649038442
TR-044765,2025-10-11,2539.48,2571.4775735041494,2596.367662006388,2546.5874850019104,2555.6779509141397
TR-044766,2025-10-11,1029.56,1041.1611711168252,1042.4252210694806,1039.8971211641697,1037.0000228333295
TR-044767,2025-10-11,2369.47,2377.7860885585496,2394.5362148540385,2361.0359622630604,2371.7323126528454
TR-044768,2025-10-11,2008.85,2042.4682470784255,2047.3336891299498,2037.6028050269015,2036.1968141914379
TR-044769,2025-10-11,1774.03,1854.3024768819391,1881.9111212208968,1826.6938325429812,1845.7377742563522
TR-044770,2025-10-11,3453.25,3621.8615984051803,3631.7836579051564,3611.9395389052047,3619.3092455430797
TR-044771,2025-10-11,1450.86,1400.783770401432,1403.0471735088888,1398.5203672939754,1399.5198175250496
TR-044772,2025-10-11,4264.86,4429.042322454782,4535.820223093239,4322.264421816325,4412.157647758739
TR-044773,2025-10-11,1850.81,1956.5416940098867,1948.4112007367817,1964.672187282992,1954.0207146319826
TR-044774,2025-10-11,3135.88,3106.8799804997498,3126.3273667593985,3087.4325942401015,3066.915689021709
TR-044775,2025-10-11,765.24,754.520560779716,757.7513814910408,751.2897400683912,750.5214511086799
TR-044776,2025-10-11,3622.4,3608.519629479323,3610.0018080158447,3607.037450942802,3605.74700995474
TR-044777,2025-10-11,2038.84,2098.204383151954,2085.443806055239,2110.964960248669,2090.7623914796586
TR-044778,2025-10-11,3969.34,4282.914320696615,4349.104293199871,4216.724348193357,4271.813632677578
TR-044779,2025-10-11,5512.17,5530.112945479657,5551.061457065024,5509.16443389429,5533.256329971708
TR-044780,2025-10-11,2181.21,2145.607346792297,2159.0753007933404,2132.139392791254,2129.20413054744
TR-044781,2025-10-11,2154.25,2160.3509905944643,2142.744607045858,2177.9573741430704,2149.341967579463
TR-044782,2025-10-11,2695.97,2636.605761603563,2658.1999482835035,2615.0115749236224,2619.9998411632905
TR-044783,2025-10-11,4912.78,5004.3165806042,4969.9451712409245,5038.687989967474,5000.352266944355
TR-044784,2025-10-11,1551.1,1608.8176185558054,1640.4372743396143,1577.1979627719968,1603.0730685785202
TR-044785,2025-10-11,3763.44,3780.8900341464773,3810.857563571576,3750.9225047213786,3752.7114909847837
TR-044786,2025-10-11,4836.65,4911.276693469341,4918.348750929996,4904.204636008687,4895.199899708745
TR-044787,2025-10-11,2770.88,2805.365994488137,2811.541389940993,2799.1905990352807,2793.9416659372346
TR-044788,2025-10-11,1366.29,1377.7036640805068,1369.634031848867,1385.7732963121468,1375.996833604323
TR-044789,2025-10-11,4022.24,3962.8878013807107,3961.4256619526545,3964.3499408087664,3943.9190089267904
TR-044790,2025-10-11,3331.13,3337.5707616188847,3321.621008873365,3353.5205143644043,3321.2216291694094
TR-044791,2025-10-11,1225.76,1175.5914566426713,1181.6458578685313,1169.5370554168114,1173.9442963100428
TR-044792,2025-10-11,913.55,898.311674472636,893.9443596800302,902.6789892652419,896.7854368275908
TR-044793,2025-10-11,4235.01,4183.081738370629,4177.864272601773,4188.2992041394855,4168.3219664487415
TR-044794,2025-10-11,815.47,807.9675629738011,832.7959048494789,783.1392210981234,803.6956757789608
TR-044795,2025-10-11,2868.54,2871.9638748525567,2878.7412301305544,2865.1865195745586,2860.13577431658
TR-044796,2025-10-11,843.59,878.34635918443,894.1563507126135,862.5363676562465,870.4098764290236
TR-044797,2025-10-11,2296.11,2318.5262677119003,2320.2407282972795,2316.811807126521,2305.774051225714
TR-044798,2025-10-11,2811.96,2845.011567788344,2838.7770057246407,2851.246129852047,2818.5438203666054
TR-044799,2025-10-11,2415.75,2366.9372038958577,2377.8907817107747,2355.9836260809407,2351.773564682126
TR-044800,2025-10-11,2823.06,2873.6579916427736,2867.227159470406,2880.0888238151415,2858.542022664614
TR-044801,2025-10-11,745.09,772.2984042691148,774.4133640840759,770.1834444541537,768.9982584908694
TR-044802,2025-10-11,2086.52,2079.8417908832707,2078.7830647865426,2080.9005169799993,2073.6579690003646
TR-044803,2025-10-11,374.65,385.9255348999178,375.6854045994607,396.1656652003749,390.54098202965383
TR-044804,2025-10-11,2215.66,2258.691471328779,2314.3988388465104,2202.9841038110476,2237.6210613137173
TR-044805,2025-10-11,2603.08,2628.82911401379,2631.9735861253685,2625.6846419022118,2625.6911256109433
TR-044806,2025-10-11,1687.27,1693.2581799535064,1735.232061729917,1651.284298177096,1694.6119120892874
TR-044807,2025-10-11,2232.09,2281.7796788134724,2294.251047182565,2269.30831044438,2274.565216781514
TR-044808,2025-10-11,5298.97,5363.567970941567,5381.730886835949,5345.405055047186,5333.252283544013
TR-044809,2025-10-11,2749.99,2848.6904819132287,2877.831646470127,2819.549317356331,2844.0999129402385
TR-044810,2025-10-11,954.62,951.2870939013629,958.0059616094428,944.5682261932831,946.5835016934568
TR-044811,2025-10-11,2995.69,3052.9316997753003,3150.6542289104236,2955.2091706401775,3058.62618971569
TR-044812,2025-10-11,2266.03,2280.454452578921,2289.3478071879617,2271.5610979698804,2268.446507917846
TR-044813,2025-10-11,1260.72,1272.0241706680658,1279.2948758240002,1264.7534655121317,1269.820742783619
TR-044814,2025-10-11,1530.36,1554.4019565818448,1540.1445671503966,1568.6593460132929,1549.2257886854616
TR-044815,2025-10-11,2836.3,2876.936184036491,2894.7651887634634,2859.107179309518,2880.5027491979217
TR-044816,2025-10-11,4245.61,4497.647375271919,4532.8308256122455,4462.463924931593,4500.298914480092
TR-044817,2025-10-11,1560.25,1510.5892322776904,1526.9605854634683,1494.2178790919127,1497.165149227133
TR-044818,2025-10-11,1092.72,1134.6433553282868,1135.1924619096033,1134.0942487469702,1132.6882706439978
TR-044819,2025-10-11,1765.53,1766.3243393950718,1778.8082668188322,1753.8404119713114,1754.7634686660035
TR-044820,2025-10-11,2297.87,2261.627422858991,2258.2913748424635,2264.963470875519,2247.277224770056
TR-044821,2025-10-11,845.88,859.2525622810584,853.0483880297445,865.4567365323724,857.8713691850644
TR-044822,2025-10-11,1429.24,1455.968534466063,1467.2104708598006,1444.7265980723253,1446.2622241107033
TR-044823,2025-10-11,2375.68,2441.140475595083,2462.10063334861,2420.180317841556,2434.268034996293
TR-044824,2025-10-11,1693.39,1714.5550995609638,1758.2857759919204,1670.8244231300068,1711.031912885645
TR-044825,2025-10-11,850.11,838.6776821841589,846.3862443000587,830.9691200682591,834.4693014868317
TR-044826,2025-10-11,2482.78,2555.8181173124594,2596.9341286265585,2514.7021059983604,2553.856484725597
TR-044827,2025-10-11,4042.27,4160.681352644193,4159.411494855147,4161.951210433238,4141.220765058257
TR-044828,2025-10-11,1656.01,1644.0875949247998,1658.076359403172,1630.0988304464272,1640.756904689772
TR-044829,2025-10-11,743.88,746.8258618619727,755.1746439208732,738.4770798030723,746.4753933622819
TR-044830,2025-10-11,4972.57,5017.846998688692,5083.833375464226,4951.860621913159,4997.696412137975
TR-044831,2025-10-11,2476.8,2480.902130164405,2497.619921973936,2464.1843383548744,2469.363075925582
TR-044832,2025-10-11,2236.15,2337.7574442091272,2394.611829726074,2280.9030586921804,2320.081701461725
TR-044833,2025-10-11,574.74,563.3025623400363,572.1296848310897,554.4754398489828,562.6626254972584
TR-044834,2025-10-11,1861.31,1942.9437697248056,2006.6194344513185,1879.2681049982928,1938.1607741974003
TR-044835,2025-10-11,1599.63,1650.5178064908337,1670.9012714507,1630.1343415309673,1662.426527803085
TR-044836,2025-10-11,4403.49,4527.477476662623,4487.4443337664015,4567.510619558846,4507.822932408908
TR-044837,2025-10-11,2854.96,2973.395583453399,2976.912954238431,2969.878212668367,2958.395793001224
TR-044838,2025-10-11,931.92,989.6386146937867,1002.6294431950507,976.6477861925227,978.629013147233
TR-044839,2025-10-11,2033.84,1998.967705610211,1997.2919818548278,2000.643429365594,1999.3680338072477
TR-044840,2025-10-11,502.51,487.71603534891744,492.10374120623976,483.3283294915952,488.1569485436901
TR-044841,2025-10-11,1954.46,2053.5743148572546,2060.807331106593,2046.3412986079159,2043.553982497377
TR-044842,2025-10-11,1326.6,1349.7307410541966,1336.3278517489805,1363.1336303594128,1342.3508492601866
TR-044843,2025-10-11,1007.0,1012.1455230099513,1018.1633414102632,1006.1277046096393,1007.9451506056973
TR-044844,2025-10-11,692.79,706.8803257400064,711.9563924413691,701.8042590386435,710.5906183259449
TR-044845,2025-10-11,1611.87,1672.6179681926073,1700.4605220150881,1644.7754143701263,1680.3478885160644
TR-044846,2025-10-11,1215.94,1204.162856151438,1208.169821972627,1200.1558903302493,1207.5599429440376
TR-044847,2025-10-11,5148.98,5221.221651617395,5194.293322349243,5248.149980885547,5207.852302884157
TR-044848,2025-10-11,2077.18,2048.254442508654,2071.6019673361398,2024.9069176811684,2039.8121654940396
TR-044849,2025-10-11,1808.89,1815.9900064490646,1837.8175624138955,1794.1624504842337,1803.031248988483
TR-044850,2025-10-11,4011.46,3954.4703769037806,3981.5445778296994,3927.396175977862,3934.805242575483
TR-044851,2025-10-11,749.86,753.6281114146682,764.8795659287332,742.3766569006033,751.8333371518017
TR-044852,2025-10-11,1039.91,1054.8887072013304,1086.0880587160275,1023.6893556866331,1048.1894095139164
TR-044853,2025-10-11,1146.55,1145.0817413208588,1144.6503885030909,1145.5130941386265,1146.3616420696058
TR-044854,2025-10-11,355.43,366.1542732458056,369.1002661795582,363.2082803120529,362.6524660585827
TR-044855,2025-10-11,3116.69,3146.3414119868357,3139.9900520929095,3152.6927718807624,3128.0693379620006
TR-044856,2025-10-11,1097.0,1115.1958371025544,1111.4022613772183,1118.9894128278902,1114.998557604395
TR-044857,2025-10-11,3693.98,3674.426611888346,3675.59159652985,3673.2616272468426,3671.7459921234213
TR-044858,2025-10-11,3019.09,3067.6130004563656,3112.519701971689,3022.706298941043,3067.5134336231213
TR-044859,2025-10-11,1376.4,1422.988317706738,1435.1493808768764,1410.8272545365994,1424.1499285322548
TR-044860,2025-10-11,938.27,977.508521967537,1000.6206537728486,954.3963901622253,971.7376174743637
TR-044861,2025-10-11,2823.1,2810.3866302384267,2824.9594537491384,2795.8138067277155,2806.6258260053164
TR-044862,2025-10-11,3892.95,3914.4026951963046,3965.104815978161,3863.7005744144485,3895.859141990495
TR-044863,2025-10-11,2514.31,2617.9224870229905,2647.1229831119317,2588.7219909340492,2609.233616274405
TR-044864,2025-10-11,1722.2,1740.5169643429376,1755.5661616734922,1725.467767012383,1730.626869049683
TR-044865,2025-10-11,3391.39,3467.602369355319,3525.597450528664,3409.607288181974,3469.8513984798537
TR-044866,2025-10-11,1201.66,1188.061914306692,1214.5915148205893,1161.5323137927949,1179.995643759819
TR-044867,2025-10-11,4879.73,4995.124423687452,5005.267066079624,4984.981781295279,4964.3564680577165
TR-044868,2025-10-11,1401.87,1367.4054266842277,1376.7772853310837,1358.0335680373717,1363.3701094936741
TR-044869,2025-10-11,1541.11,1531.4803347516836,1534.860691065789,1528.0999784375783,1533.9754422862602
TR-044870,2025-10-11,2345.48,2320.7020372687152,2314.0274117213926,2327.376662816038,2308.2131079100773
TR-044871,2025-10-11,3189.26,3220.011216124343,3268.3884340125087,3171.633998236177,3209.5815831569134
TR-044872,2025-10-11,1523.39,1520.3984712837491,1543.8162895433802,1496.980653024118,1516.8671500897499
TR-044873,2025-10-11,2187.08,2256.9514486913595,2295.5355055167634,2218.3673918659556,2245.344130263674
TR-044874,2025-10-11,2896.66,3064.507407251023,3163.236700583,2965.7781139190456,3072.520422225077
TR-044875,2025-10-11,1585.01,1688.9117444320825,1723.0719656330791,1654.751523231086,1680.172656395197
TR-044876,2025-10-12,1180.75,1177.364160706718,1173.3802800833628,1181.3480413300733,1171.305830856627
TR-044877,2025-10-12,1651.48,1661.918619027544,1673.9168803176115,1649.9203577374765,1646.4685569450494
TR-044878,2025-10-12,2915.51,2905.930421237308,2889.963564109815,2921.897278364802,2888.05423689249
TR-044879,2025-10-12,4106.96,4060.033643770538,4096.792386133929,4023.274901407148,4059.4523860154795
TR-044880,2025-10-12,972.47,965.9580671415738,981.0739760808665,950.8421582022811,965.2882490522884
TR-044881,2025-10-12,1839.31,1904.6390535054506,1883.5717460726808,1925.7063609382208,1897.5070119799493
TR-044882,2025-10-12,3962.35,3955.2205540806867,4072.901751182303,3837.5393569790704,3943.7291429763213
TR-044883,2025-10-12,2680.49,2781.478977705866,2849.558681333202,2713.39927407853,2769.0094868677115
TR-044884,2025-10-12,1681.22,1758.7767353175752,1772.2113124343923,1745.3421582007581,1746.685170361208
TR-044885,2025-10-12,1312.85,1318.5887289596703,1325.5405063166734,1311.636951602667,1311.12874954639
TR-044886,2025-10-12,958.68,996.7658654567911,1013.0663994917037,980.4653314218785,983.5852380865912
TR-044887,2025-10-12,3864.18,3895.3525344260815,3921.0014573544713,3869.7036114976913,3896.181479741306
TR-044888,2025-10-12,3843.11,3933.684677885409,3972.3210395355027,3895.0483162353157,3929.462740608771
TR-044889,2025-10-12,4837.8,4797.223262316245,4896.071966303599,4698.374558328893,4771.43811635176
TR-044890,2025-10-12,2799.64,2816.413511823226,2842.4401902280792,2790.3868334183726,2813.716264004466
TR-044891,2025-10-12,432.52,1273.3413890459992,1274.1187843952232,1272.5639936967752,1261.3528451917791
TR-044892,2025-10-12,2329.16,2350.264845127208,2373.928342203933,2326.6013480504835,2339.027997248074
TR-044893,2025-10-12,3231.04,3271.9697943609253,3268.599776686976,3275.339812034875,3245.4970460412096
TR-044894,2025-10-12,1505.96,1562.0500653054605,1623.3254461043157,1500.7746845066054,1548.8740600645751
TR-044895,2025-10-12,1172.21,1206.014198048057,1241.8485496425567,1170.1798464535577,1201.7491743620694
TR-044896,2025-10-12,3753.51,3901.788188651609,4020.863595505482,3782.712781797736,3880.2050808452277
TR-044897,2025-10-12,1449.56,1473.0344934612986,1470.2433956898526,1475.8255912327447,1467.0441713273108
TR-044898,2025-10-12,1316.22,1333.9853594210006,1353.329193331041,1314.64152551096,1324.323043233284
TR-044899,2025-10-12,1556.89,1591.6041502028888,1613.1269521617157,1570.0813482440617,1588.312517897135
TR-044900,2025-10-12,3117.01,3151.4505387441523,3182.0339102181074,3120.867167270197,3132.610906604564
TR-044901,2025-10-12,1732.05,1746.855382831034,1753.5814542175901,1740.1293114444777,1751.1750627381539
TR-044902,2025-10-12,2452.86,2382.4988616326173,2401.265943278614,2363.731779986621,2370.456734029315
TR-044903,2025-10-12,1167.24,1242.66353769549,1273.9204013340586,1211.4066740569217,1235.4591061000751
TR-044904,2025-10-12,796.65,820.3694826228887,823.5926396102534,817.1463256355238,813.499230197009
TR-044905,2025-10-12,3608.45,3599.0642742179034,3578.4870857421915,3619.641462693615,3585.278252999332
TR-044906,2025-10-12,1577.46,1686.5978781106796,1721.527150608131,1651.6686056132282,1676.2295644208807
TR-044907,2025-10-12,2122.59,2241.208281239569,2265.448587951854,2216.967974527284,2226.056989568113
TR-044908,2025-10-12,1620.62,1654.887925657637,1663.2306358208361,1646.545215494438,1644.5247345016085
TR-044909,2025-10-12,974.16,984.7505848925261,985.2037324521754,984.2974373328769,988.0317533413693
TR-044910,2025-10-12,4812.85,4816.540723893411,4900.347730176039,4732.733717610784,4814.822120549646
TR-044911,2025-10-12,4265.2,4494.916520891005,4503.999624123125,4485.833417658885,4466.33568328806
TR-044912,2025-10-12,746.79,740.7276178509496,745.8838393452859,735.5713963566134,737.2336670220506
TR-044913,2025-10-12,2585.31,2560.2110011674254,2584.233672004015,2536.188330330836,2555.114446517708
TR-044914,2025-10-12,1979.4,1976.1576741928782,1992.8500786426607,1959.4652697430956,1967.7686569506882
TR-044915,2025-10-12,792.03,792.6524565175883,799.5067147938449,785.7981982413318,788.3847516113387
TR-044916,2025-10-12,3526.26,3604.3996527003883,3711.4240953187787,3497.375210081998,3571.52279789146
TR-044917,2025-10-12,1101.8,1129.9533513720476,1166.5340810848804,1093.3726216592145,1125.3823079928175
TR-044918,2025-10-12,4145.89,4263.737173079614,4305.6979385060295,4221.7764076531985,4251.564532017253
TR-044919,2025-10-12,2252.88,2332.620704097243,2391.3438002427974,2273.8976079516883,2318.23782038465
TR-044920,2025-10-12,1295.02,1285.3397549004912,1310.2577887860143,1260.421721014968,1280.8768368786473
TR-044921,2025-10-12,629.25,651.418303039793,658.640941976905,644.1956641026811,643.1901302072323
TR-044922,2025-10-12,766.12,782.1543859436291,791.2212775749092,773.087494312349,781.1178021244884
TR-044923,2025-10-12,3712.11,3647.819408810898,3691.656914657127,3603.981902964669,3640.1950365417033
TR-044924,2025-10-12,4374.85,4347.861417893937,4391.24638299173,4304.476452796143,4334.9494181423015
TR-044925,2025-10-12,3853.08,3862.0094313984964,3875.752347685276,3848.266515111716,3844.3123324854932
TR-044926,2025-10-12,2593.74,2599.4982393561204,2625.657813534873,2573.3386651773676,2585.0896787710863
TR-044927,2025-10-12,1755.06,1801.1201724900684,1811.1861140596961,1791.0542309204407,1783.9230067475955
TR-044928,2025-10-12,1604.81,1580.2625872742583,1586.432505467424,1574.0926690810927,1575.4776096854812
TR-044929,2025-10-12,2067.28,2078.2668600092825,2132.9145324495903,2023.6191875689744,2060.584310954467
TR-044930,2025-10-12,2429.12,2511.1772994365497,2504.186867272635,2518.1677316004643,2489.9577981717375
TR-044931,2025-10-12,2897.41,2970.0955949792747,2989.7067352022827,2950.4844547562666,2960.7389550987236
TR-044932,2025-10-12,2020.05,2077.786922928735,2103.1335728845866,2052.440272972883,2060.1902121624453
TR-044933,2025-10-12,1222.18,1220.6179460997653,1233.719401182063,1207.5164910174676,1216.1423408716737
TR-044934,2025-10-12,2026.79,2117.1698791902463,2170.5230245829057,2063.816733797587,2097.672898345625
TR-044935,2025-10-12,1802.29,1899.9896336418103,1955.6101880244712,1844.3690792591494,1895.8396951156185
TR-044936,2025-10-12,223.8,235.0861228799226,239.64033575608542,230.5319100037598,234.7263296212937
TR-044937,2025-10-12,2480.64,2520.56419131209,2541.4825961978077,2499.645786426372,2513.338886061708
TR-044938,2025-10-12,775.68,773.3014517227762,784.3314770463253,762.271426399227,768.904292246459
TR-044939,2025-10-12,2807.38,2812.966249518123,2867.910276472282,2758.022222563963,2800.8549838775607
TR-044940,2025-10-12,1904.64,1888.133952138814,1895.106936116765,1881.160968160863,1884.7263454717984
TR-044941,2025-10-12,2344.65,2437.5869705955474,2431.810280544085,2443.3636606470104,2418.4527651448425
TR-044942,2025-10-12,2284.16,2273.509798485724,2277.435048152194,2269.584548819254,2262.116894321698
TR-044943,2025-10-12,2859.94,2931.44022264007,2921.277899972133,2941.6025453080065,2914.6272592982014
TR-044944,2025-10-12,4523.92,4523.870930318158,4521.767800598334,4525.974060037981,4493.324649728237
TR-044945,2025-10-12,3498.59,3641.250766659323,3663.3981450122947,3619.1033883063515,3621.9798400102627
TR-044946,2025-10-12,4783.76,4971.379375873457,5104.587624862021,4838.171126884894,4961.156591597308
TR-044947,2025-10-12,3322.62,3455.166824235823,3523.711481449011,3386.6221670226346,3453.3255173092653
TR-044948,2025-10-12,2199.27,2288.3938715940913,2318.0463330652424,2258.7414101229397,2267.8984172355845
TR-044949,2025-10-12,2202.28,2226.754452247814,2261.1323247275327,2192.376579768095,2218.3013997436306
TR-044950,2025-10-12,3819.25,3767.919436123918,3828.8792674918145,3706.9596047560217,3750.3014082855007
TR-044951,2025-10-12,4442.15,4394.484751869713,4407.539035846831,4381.430467892595,4378.3655730614855
TR-044952,2025-10-12,1592.63,1599.5697511985663,1605.6173157010771,1593.5221866960555,1594.5890935100933
TR-044953,2025-10-12,1353.73,1352.1521857300286,1379.8656803633648,1324.4386910966923,1350.1209610746964
TR-044954,2025-10-12,3049.31,3032.963383134069,3101.130546667422,2964.796219600716,3014.830006631566
TR-044955,2025-10-12,2060.7,2048.450829563785,2087.2383469154815,2009.6633122120888,2036.3359255631606
TR-044956,2025-10-12,1090.6,1095.8772368027594,1109.4701361040363,1082.2843375014822,1091.6002362528247
TR-044957,2025-10-12,1665.24,1650.9392005473887,1642.1240947489532,1659.754306345824,1645.091451018502
TR-044958,2025-10-12,4609.39,4770.816575688021,4799.327694245328,4742.305457130713,4756.363432781514
TR-044959,2025-10-12,1524.44,1504.87135572626,1503.3586423784518,1506.384069074068,1500.3584338399307
TR-044960,2025-10-12,1626.35,1670.650095725608,1716.6447766641627,1624.6554147870531,1657.1142744626395
TR-044961,2025-10-12,1981.41,2031.8397550654367,2087.004871790713,1976.6746383401603,2027.1005132323576
TR-044962,2025-10-12,502.61,517.6282297680763,535.5904498435881,499.6660096925645,516.9017756237292
TR-044963,2025-10-12,1050.72,1034.5659234334435,1039.4806796834087,1029.6511671834785,1033.0679434948029
TR-044964,2025-10-12,4121.83,4203.599896268193,4168.603661985272,4238.596130551114,4191.331720301008
TR-044965,2025-10-12,1868.9,1820.8850752405133,1830.7256532365172,1811.0444972445093,1814.6789299407224
TR-044966,2025-10-12,3120.57,3074.418226957783,3109.6807236228956,3039.155730292671,3043.9704350327847
TR-044967,2025-10-12,818.7,841.9031817458786,857.4161499197968,826.3902135719602,838.3138243371236
TR-044968,2025-10-12,1487.88,1577.2283678629274,1608.9542766997256,1545.502459026129,1572.197841236191
TR-044969,2025-10-12,849.59,876.1240195860119,892.0297528016132,860.2182863704106,868.3526852752839
TR-044970,2025-10-12,3464.77,3507.025738153803,3582.292812318468,3431.7586639891388,3495.717584271321
TR-044971,2025-10-12,2384.04,2515.8245050756486,2537.521614631664,2494.127395519634,2505.7281691502694
TR-044972,2025-10-12,4665.83,4702.977622631805,4705.2210610998745,4700.734184163736,4679.402473106991
TR-044973,2025-10-12,4210.88,4280.9538993002825,4300.706705329878,4261.201093270686,4253.699484754962
TR-044974,2025-10-12,593.57,594.9520188341278,600.9891775453642,588.9148601228914,590.507487495077
TR-044975,2025-10-12,4123.49,4350.730095749172,4333.750451985212,4367.709739513132,4341.901702908559
TR-044976,2025-10-12,786.08,800.2089544203338,805.6479172686741,794.7699915719937,796.2906909432246
TR-044977,2025-10-12,1089.89,1140.714874382249,1146.0390928840395,1135.3906558804583,1133.488630701304
TR-044978,2025-10-12,3945.78,3984.2709980429854,4015.79385089698,3952.7481451889907,3973.516736430533
TR-044979,2025-10-12,3500.91,3536.02111342108,3544.7069425619466,3527.3352842802133,3520.051563222413
TR-044980,2025-10-12,2147.73,2136.639208572169,2133.7288438442934,2139.5495733000444,2122.889949654307
TR-044981,2025-10-12,983.62,1012.8560830056495,1020.5932137233917,1005.1189522879073,1013.9484288911559
TR-044982,2025-10-12,2081.43,2202.186153649694,2242.6548375276,2161.717469771788,2185.416439517133
TR-044983,2025-10-12,313.05,1491.237430294067,1516.929213477572,1465.545647110562,1484.4572169946173
TR-044984,2025-10-12,1381.56,1416.1335042158516,1403.185424588198,1429.0815838435055,1413.516201431677
TR-044985,2025-10-12,352.69,347.6411639589694,338.4866314882605,356.79569642967823,352.0846220804683
TR-044986,2025-10-12,1775.61,1837.074239803993,1860.4739431383623,1813.6745364696233,1834.6564164394474
TR-044987,2025-10-12,2815.42,2781.352207572102,2809.280762629972,2753.423652514232,2762.233842854905
TR-044988,2025-10-12,2413.61,2355.657987900274,2320.0551466097704,2391.2608291907773,2349.5882427807537
TR-044989,2025-10-12,1658.07,1678.4069983674658,1681.357926853143,1675.4560698817884,1670.835284573244
TR-044990,2025-10-12,1805.16,1903.7669087914846,1970.8035217710233,1836.7302958119462,1902.304597207962
TR-044991,2025-10-12,2588.9,2542.8994663907006,2551.9970062588036,2533.801926522598,2533.115138554139
TR-044992,2025-10-12,2366.64,2412.4741292227445,2393.9994408783714,2430.948817567117,2412.3746663105317
TR-044993,2025-10-12,1431.36,1446.209225460124,1440.7805624079494,1451.6378885122986,1441.2786307520857
TR-044994,2025-10-12,864.2,878.190717994016,895.7107954797057,860.6706405083265,873.0278513754728
TR-044995,2025-10-12,1150.82,1155.4502979929132,1158.3316951677098,1152.5689008181166,1148.2029446141341
TR-044996,2025-10-12,4984.52,5155.2459165084365,5308.034278721571,5002.457554295301,5117.747957264177
TR-044997,2025-10-12,3322.65,3326.147586506595,3376.4250688204975,3275.870104192692,3300.9140841265234
TR-044998,2025-10-12,1079.12,1081.4028049730516,1082.0145871845602,1080.791022761543,1078.4066426810182
TR-044999,2025-10-12,3867.4,4059.527957700663,4095.0524087039644,4024.0035066973614,4022.3953555021044
TR-045000,2025-10-12,945.35,937.9013983072791,951.5232498414191,924.2795467731391,934.656095341328
TR-045001,2025-10-12,5730.73,5855.758227958461,6023.893533311957,5687.622922604965,5817.665624977464
TR-045002,2025-10-12,2294.83,2363.4669182123353,2405.835323325377,2321.098513099294,2352.938657071728
TR-045003,2025-10-12,1383.94,1377.5682899096523,1387.4393850923452,1367.6971947269597,1375.021557576264
TR-045004,2025-10-12,3086.31,3149.5064074585653,3165.3019488120767,3133.7108661050543,3115.774042857987
TR-045005,2025-10-12,2404.85,2467.918224762615,2513.5183455700285,2422.318103955201,2454.873881608056
TR-045006,2025-10-12,986.83,984.938576637533,1000.6190768386676,969.2580764363983,981.478317593421
TR-045007,2025-10-12,4289.52,4466.886649297257,4491.8367819521545,4441.936516642359,4429.046041607189
TR-045008,2025-10-12,841.8,854.0366587296528,865.0786114373522,842.9947060219534,849.9534758804616
TR-045009,2025-10-12,1618.21,1639.1281545401782,1648.122961339611,1630.1333477407454,1636.5218901965347
TR-045010,2025-10-12,754.57,744.1129544186396,748.8278486931512,739.398060144128,741.4860690638702
TR-045011,2025-10-12,3683.59,3758.2955027492867,3739.7960903912976,3776.7949151072758,3742.0869669345657
TR-045012,2025-10-12,1055.09,1052.3043978364626,1055.6445625351087,1048.9642331378163,1044.8857262256895
TR-045013,2025-10-12,2762.18,2771.436378411535,2796.469933012374,2746.4028238106953,2763.6474133689762
TR-045014,2025-10-12,2187.12,2180.9651687100713,2219.277993099802,2142.6523443203405,2156.9072717561203
TR-045015,2025-10-12,2335.28,2380.8414781244346,2375.184881309744,2386.498074939125,2371.6966564981503
TR-045016,2025-10-12,2617.89,2618.770515016125,2587.787651441836,2649.7533785904143,2606.686805011459
TR-045017,2025-10-12,1872.51,1938.7870917106175,1982.524931075965,1895.0492523452701,1926.1494100777822
TR-045018,2025-10-12,2281.0,2324.7209222737324,2348.4049092173477,2301.036935330117,2310.289095736476
TR-045019,2025-10-12,3022.71,3014.6031493792666,3006.9942378418873,3022.212060916646,2994.6233539390414
TR-045020,2025-10-12,2392.62,2529.872580694711,2510.5430936687426,2549.202067720679,2515.959056198826
TR-045021,2025-10-12,1658.02,1717.1056070248335,1709.0658150118945,1725.1453990377724,1708.5487934496687
TR-045022,2025-10-12,1384.9,4751.659712630182,4856.61949148385,4646.6999337765155,4756.549745807029
TR-045023,2025-10-12,3319.48,3476.70412433805,3575.3079787784413,3378.100269897659,3461.726387646437
TR-045024,2025-10-12,3362.18,1157.0616054672018,1163.3798444070792,1150.7433665273245,1159.6787924480186
TR-045025,2025-10-12,1067.05,1050.9782142039073,1065.5099089040436,1036.446519503771,1047.4260661624796
TR-045026,2025-10-12,3341.53,3469.654224394979,3533.0241310118813,3406.2843177780765,3469.4193884880324
TR-045027,2025-10-12,2778.71,2804.5473285583257,2837.1988161078516,2771.8958410087994,2792.114843669351
TR-045028,2025-10-12,1565.85,1552.9887166002966,1563.9922966060483,1541.9851365945449,1553.4086368256446
TR-045029,2025-10-12,2688.28,2691.407594500265,2682.7602709139373,2700.0549180865924,2668.8807959572587
TR-045030,2025-10-12,1216.24,1203.5841595988793,1237.019558618067,1170.1487605796915,1203.7413592362427
TR-045031,2025-10-12,2555.23,2534.263111140015,2574.4861791968037,2494.0400430832265,2520.097864120125
TR-045032,2025-10-13,5345.38,5377.874683689171,5395.396870833607,5360.352496544736,5376.681722773965
TR-045033,2025-10-13,2284.89,2367.101738764037,2420.552926416781,2313.6505511112923,2350.9198955241395
TR-045034,2025-10-13,514.9,521.3952185302567,528.913845919947,513.8765911405662,521.994015998815
TR-045035,2025-10-13,2543.97,2588.9992557957844,2576.3413156035335,2601.6571959880353,2575.2921534925986
TR-045036,2025-10-13,1451.04,1458.8341833130826,1496.4176931872773,1421.2506734388878,1459.0559841378417
TR-045037,2025-10-13,1369.27,1378.108007182087,1395.4298711479978,1360.786143216176,1372.680268400246
TR-045038,2025-10-13,2571.86,2684.802444946027,2689.965741075922,2679.639148816132,2672.8732157981513
TR-045039,2025-10-13,3988.55,3964.302629634816,3990.0755584561275,3938.5297008135044,3963.742540827355
TR-045040,2025-10-13,638.18,628.2697651411816,635.4222350351469,621.1172952472164,627.0212970000537
TR-045041,2025-10-13,3640.18,3545.1076972592027,3574.301947207505,3515.9134473109,3541.9643300578437
TR-045042,2025-10-13,1355.62,1389.4976801223645,1441.979352190919,1337.01600805381,1379.592046562144
TR-045043,2025-10-13,3927.57,3943.668617465884,4082.868347122708,3804.4688878090597,3922.412394038789
TR-045044,2025-10-13,4503.52,4470.771492411055,4482.863258665592,4458.679726156519,4459.120827732111
TR-045045,2025-10-13,1849.17,1919.534097144153,1941.7221092249465,1897.3460850633596,1916.055129138454
TR-045046,2025-10-13,4879.94,5058.317123783608,5210.716405703541,4905.917841863675,5031.461736826088
TR-045047,2025-10-13,2605.57,2676.022630786744,2702.556308173308,2649.4889534001795,2667.566604454162
TR-045048,2025-10-13,2474.28,2508.7207760616247,2556.1383877632643,2461.3031643599847,2494.4419544103594
TR-045049,2025-10-13,2777.82,2747.126331573734,2745.358085080835,2748.894578066634,2734.7302740893606
TR-045050,2025-10-13,3819.0,3857.301517876422,3879.143584833807,3835.4594509190374,3853.497171977817
TR-045051,2025-10-13,3824.2,4034.45857248201,4104.296241208643,3964.6209037553776,4023.1512738374877
TR-045052,2025-10-13,4974.03,5091.046776093899,5115.289024324182,5066.804527863617,5074.439999235639
TR-045053,2025-10-13,700.87,720.7993231023479,723.1299568837983,718.4686893208975,716.726072700143
TR-045054,2025-10-13,2315.28,2362.731090170199,2356.1878917932895,2369.2742885471084,2371.1729339122344
TR-045055,2025-10-13,1829.25,1812.9115675439384,1797.4112510777347,1828.4118840101419,1813.4127962724876
TR-045056,2025-10-13,3162.14,3128.1569822095453,3125.2140513590048,3131.0999130600862,3117.298359633949
TR-045057,2025-10-13,1143.08,1132.4111718327827,1129.7422051788535,1135.0801384867118,1129.2327301801383
TR-045058,2025-10-13,519.54,519.3608019598421,526.4691282492605,512.2524756704236,519.7809889932439
TR-045059,2025-10-13,3007.71,3044.7609373282803,3040.6236655290672,3048.8982091274934,3036.2850509071695
TR-045060,2025-10-13,183.77,1089.4244761190698,1110.66191504786,1068.1870371902796,1078.826874600643
TR-045061,2025-10-13,627.77,640.7022821098499,661.3627484787681,620.0418157409316,639.2121051600157
TR-045062,2025-10-13,1637.63,1610.5608552218391,1616.5635374310277,1604.5581730126503,1601.4937150575756
TR-045063,2025-10-13,614.9,636.6802044130367,652.6845561494472,620.6758526766262,629.4706673167668
TR-045064,2025-10-13,742.08,760.8736395802879,759.0998544789669,762.6474246816089,758.4945802710225
TR-045065,2025-10-13,3874.45,3836.7379843067165,3830.037342082881,3843.4386265305525,3856.358188652568
TR-045066,2025-10-13,5162.77,5194.341638875774,5187.551843030312,5201.1314347212365,5186.950092838457
TR-045067,2025-10-13,1471.76,1514.1748143495834,1514.1121078193808,1514.2375208797862,1511.4147973854028
TR-045068,2025-10-13,477.88,483.93914028866993,490.4160262160694,477.46225436127054,483.8513325652468
TR-045069,2025-10-13,1067.9,1116.4232634002851,1142.9049467452332,1089.9415800553372,1117.0464884609366
TR-045070,2025-10-13,3050.52,3056.2989988073914,3059.7252901183124,3052.8727074964704,3043.8153095524717
TR-045071,2025-10-13,2695.24,2673.141372985726,2722.6761411680054,2623.6066048034468,2663.4227133550557
TR-045072,2025-10-13,2331.4,2340.701053917159,2351.079933861373,2330.322173972945,2321.2159224251636
TR-045073,2025-10-13,778.13,780.127182265687,790.6587569365956,769.5956075947784,781.3732215651208
TR-045074,2025-10-13,2334.39,2355.8866720296373,2390.1487369654055,2321.6246070938687,2344.8002891686483
TR-045075,2025-10-13,679.14,665.9600456262117,662.3122827153778,669.6078085370455,661.8522691709123
TR-045076,2025-10-13,1291.98,1346.354693999668,1374.2687086106353,1318.4406793887006,1345.3231234567274
TR-045077,2025-10-13,1628.59,1645.2775067680623,1637.5970858137123,1652.957927722412,1647.6605416069106
TR-045078,2025-10-13,5863.45,5977.089118517519,6006.437576320622,5947.740660714415,5955.708587342206
TR-045079,2025-10-13,1337.68,1378.6505120525844,1394.9312525315518,1362.3697715736168,1374.6686002342426
TR-045080,2025-10-13,931.92,963.0570289998828,981.4101662770773,944.7038917226884,956.2189771154103
TR-045081,2025-10-13,4140.0,4096.552904780364,4211.989178235354,3981.116631325373,4081.9232726594983
TR-045082,2025-10-13,3580.57,3712.337943135104,3696.5736982933377,3728.102187976871,3711.737969751196
TR-045083,2025-10-13,2047.91,1986.2130125128447,1978.5251933305678,1993.9008316951215,1998.277317666133
TR-045084,2025-10-13,2338.47,2401.8371217840004,2411.2791212367392,2392.395122331261,2391.6706378550452
TR-045085,2025-10-13,372.04,386.96377446075167,398.9242443837129,375.0033045377905,383.5433288755079
TR-045086,2025-10-13,4530.94,4563.439276683863,4660.164220522483,4466.714332845243,4577.581179218452
TR-045087,2025-10-13,861.67,884.7864646619712,898.002361495564,871.5705678283784,880.9838575789065
TR-045088,2025-10-13,4729.73,4898.025968508625,5073.997278001162,4722.0546590160875,4885.687903467774
TR-045089,2025-10-13,3758.58,3777.8923472669194,3795.8126088950035,3759.972085638836,3770.709365493501
TR-045090,2025-10-13,2652.84,2704.0357693038804,2740.510354828477,2667.561183779284,2692.120413982281
TR-045091,2025-10-13,507.81,488.91769882356414,493.98347696694833,483.85192068017994,488.0794315887312
TR-045092,2025-10-13,4601.77,4546.175368334152,4589.953996124656,4502.396740543649,4530.171214411541
TR-045093,2025-10-13,1045.18,1030.3885276728329,1039.2250571501766,1021.5519981954892,1029.0414392377343
TR-045094,2025-10-13,2337.81,2385.4041796383035,2431.2318793884533,2339.5764798881532,2375.255870340496
TR-045095,2025-10-13,3264.47,3259.2209095438675,3252.8035752917503,3265.638243795984,3244.335111828116
TR-045096,2025-10-13,3551.29,3630.769991941302,3635.5283586276005,3626.0116252550038,3619.348569028645
TR-045097,2025-10-13,1176.17,1195.8897606409992,1195.2133508907443,1196.5661703912538,1189.0946059273674
TR-045098,2025-10-13,3810.77,3901.581170113961,3943.1885361228424,3859.973804105079,3891.798714930652
TR-045099,2025-10-13,1086.76,1086.6737456284063,1078.460755323106,1094.8867359337066,1084.417729734398
TR-045100,2025-10-13,1564.31,1556.1510101776248,1558.300124993881,1554.001895361369,1552.643647095297
TR-045101,2025-10-13,4398.08,4478.1662650863855,4474.45613745214,4481.876392720632,4462.88173185522
TR-045102,2025-10-13,2582.85,2600.549539861222,2564.63339398664,2636.4656857358045,2585.2683754067502
TR-045103,2025-10-13,1736.01,1737.5365285013745,1750.473899165459,1724.59915783729,1724.6637353776637
TR-045104,2025-10-13,3530.07,3598.607454991218,3651.2183684377706,3545.9965415446654,3591.263984512997
TR-045105,2025-10-13,1887.2,1854.922572879505,1863.7811060202296,1846.0640397387801,1852.637040185753
TR-045106,2025-10-13,2038.66,2072.077226394006,2068.1094123243365,2076.0450404636754,2066.9786552208693
TR-045107,2025-10-13,1147.88,1182.3024632528573,1184.0478867917177,1180.5570397139968,1184.2111549036479
TR-045108,2025-10-13,2699.37,2772.2908489891847,2791.5736435816557,2753.0080543967138,2769.9820757247207
TR-045109,2025-10-13,4629.26,4702.617770104685,4717.833322859109,4687.402217350261,4690.89867524754
TR-045110,2025-10-13,1925.69,2085.9342634026502,2137.77215831833,2034.0963684869703,2078.030308608913
TR-045111,2025-10-13,2573.36,2599.5683427904787,2597.643496648737,2601.4931889322206,2581.5186176535526
TR-045112,2025-10-13,2479.0,2497.4913101881757,2524.4502115637283,2470.5324088126226,2496.0730417067607
TR-045113,2025-10-13,1408.07,1384.8724193001851,1403.7167634114905,1366.0280751888797,1383.4488774173906
TR-045114,2025-10-13,5515.8,5492.313919100921,5519.456718153096,5465.171120048746,5497.09316018247
TR-045115,2025-10-13,4991.89,5203.784255776845,5287.010237534818,5120.558274018873,5172.446377949904
TR-045116,2025-10-13,4805.58,4791.127239669614,4800.028925872257,4782.225553466971,4781.577624336596
TR-045117,2025-10-13,2895.96,2901.0012423772614,2902.798198182966,2899.204286571557,2884.950746141762
TR-045118,2025-10-13,1542.88,1527.4113364658567,1534.6608353793883,1520.161837552325,1525.3761709358482
TR-045119,2025-10-13,928.48,967.2026084724558,976.1715865359544,958.2336304089573,959.9915993312593
TR-045120,2025-10-13,1624.97,1670.1956340037536,1644.1377389332622,1696.2535290742453,1672.438833689393
TR-045121,2025-10-13,1854.11,1892.3231218626188,1918.3477843599303,1866.2984593653073,1889.1674244388114
TR-045122,2025-10-13,3627.39,3583.636622769848,3624.3950135728724,3542.8782319668235,3565.4944020122184
TR-045123,2025-10-13,2959.16,3082.9558330213545,3139.1426498650217,3026.7690161776873,3086.7642533154904
TR-045124,2025-10-13,2495.79,2530.716662547725,2554.772308176081,2506.6610169193686,2525.513627043598
TR-045125,2025-10-13,1162.83,1167.7735861185834,1192.131559923566,1143.4156123136004,1163.9412137755453
TR-045126,2025-10-13,1607.11,1687.7580718459546,1727.1617401697201,1648.3544035221892,1692.1928039096433
TR-045127,2025-10-13,3303.37,3316.7862081395488,3299.547083576307,3334.02533270279,3306.6231337264876
TR-045128,2025-10-13,1117.74,1143.8085620335398,1177.3351822902741,1110.2819417768055,1139.105086571949
TR-045129,2025-10-13,3823.1,4017.3847013546074,4090.677409198448,3944.0919935107668,4013.3549709039225
TR-045130,2025-10-13,1153.36,1175.1864335413768,1200.005104900321,1150.3677621824327,1169.9972396896587
TR-045131,2025-10-13,6251.85,6512.103550158414,6676.799560338827,6347.4075399779995,6509.076230096143
TR-045132,2025-10-13,3069.85,3100.7704490898514,3106.754587673522,3094.786310506181,3092.0957264885765
TR-045133,2025-10-13,2719.91,2660.1948282257176,2709.4795387412987,2610.9101177101365,2648.66365226359
TR-045134,2025-10-13,944.34,983.5601208623033,1004.8765822482558,962.2436594763508,978.4250274771225
TR-045135,2025-10-13,3009.58,3073.778501274115,3115.9893771485104,3031.56762539972,3068.813373017476
TR-045136,2025-10-13,2065.35,2117.981066587666,2092.0347519040906,2143.9273812712418,2111.031847092253
TR-045137,2025-10-13,1701.25,1803.0907228053297,1846.6537376866975,1759.527707923962,1793.6857933941462
TR-045138,2025-10-13,589.41,599.6268578799336,610.4057701193822,588.8479456404851,599.9092357089542
TR-045139,2025-10-13,4187.86,4181.8819072937795,4325.455673593098,4038.3081409944607,4165.097530798186
TR-045140,2025-10-13,3426.52,3433.7873466849824,3408.567785676791,3459.006907693173,3445.4108125877756
TR-045141,2025-10-13,1003.29,1014.8575174033888,1011.8349249041569,1017.8801099026208,1012.6965375595927
TR-045142,2025-10-13,949.32,922.6351026442546,931.7774875227253,913.4927177657839,922.2664245669145
TR-045143,2025-10-13,908.3,918.8583366846369,929.7185609316066,907.9981124376671,921.1860559724631
TR-045144,2025-10-13,1653.52,1597.7323012058162,1596.227952255984,1599.2366501556482,1599.9221101210069
TR-045145,2025-10-13,3991.15,3940.145325983362,3975.088072052294,3905.20257991443,3942.000025085408
TR-045146,2025-10-13,1210.01,1217.8965387833487,1232.962322461743,1202.830755104954,1214.1712087211977
TR-045147,2025-10-13,2705.75,2822.3394214171185,2844.6885246399984,2799.990318194238,2818.08407710109
TR-045148,2025-10-13,4211.86,4433.017061422635,4484.335528517937,4381.698594327334,4414.984798751909
TR-045149,2025-10-13,3885.41,3820.0824906138405,3864.359070645959,3775.8059105817215,3800.5521751906936
TR-045150,2025-10-13,4872.9,4837.130528986892,4948.557437287436,4725.703620686349,4825.86455647151
TR-045151,2025-10-13,1557.7,1563.782424763369,1582.8565603084091,1544.7082892183287,1557.0300704669637
TR-045152,2025-10-13,2345.5,2362.280803819628,2395.7087495487717,2328.8528580904845,2354.066419734231
TR-045153,2025-10-13,1810.54,1842.0174396809475,1856.10289930859,1827.9319800533053,1838.6833195507306
TR-045154,2025-10-13,2950.89,3008.924591415363,3053.9172937284006,2963.9318891023254,3003.620302749103
TR-045155,2025-10-13,1109.09,1131.0118416312353,1132.456619066684,1129.5670641957868,1121.5776617592683
TR-045156,2025-10-13,5016.22,4896.720338287483,4921.340474814714,4872.100201760252,4890.29614120943
TR-045157,2025-10-13,718.33,737.5681460863466,744.6010262229048,730.5352659497883,737.8200180592164
TR-045158,2025-10-13,2128.49,2073.5977966781084,2063.8116724971674,2083.383920859049,2070.0558228595064
TR-045159,2025-10-13,1654.44,1703.7696289714752,1759.3097913614706,1648.2294665814798,1695.4239364859789
TR-045160,2025-10-13,3596.69,3752.9469280070416,3771.678476010696,3734.2153800033875,3767.486396713239
TR-045161,2025-10-13,1892.28,1931.0280749751726,1928.5528867235994,1933.5032632267457,1932.5307636896857
TR-045162,2025-10-13,1498.67,1514.4041611642692,1503.6128976304226,1525.195424698116,1510.2702994444412
TR-045163,2025-10-13,1447.88,1487.6011137764895,1498.6268353788773,1476.5753921741014,1488.0645982838187
TR-045164,2025-10-13,1947.82,1902.0503212667854,1895.1382361306273,1908.9624064029433,1906.1270420870792
TR-045165,2025-10-13,1811.29,1850.5825412871463,1855.684543269166,1845.4805393051265,1846.5697550885338
TR-045166,2025-10-13,696.61,695.0113495382136,700.3620844216491,689.660614654778,691.4454298067644
TR-045167,2025-10-13,1829.6,1939.268698827957,1977.8697934233292,1900.667604232585,1940.0078455175853
TR-045168,2025-10-13,531.39,518.7077295868673,523.680070381943,513.7353887917917,520.0025514510249
TR-045169,2025-10-13,1498.22,1528.5247182718117,1534.9071257051207,1522.1423108385027,1517.3497204184773
TR-045170,2025-10-13,4134.92,4117.239467362873,4141.9372954766695,4092.5416392490765,4122.571586666641
TR-045171,2025-10-13,2469.17,2518.8635628848256,2549.834475214933,2487.8926505547183,2506.2457836381323
TR-045172,2025-10-13,1165.84,1162.6957901709814,1185.172505818551,1140.2190745234118,1158.3475670272544
TR-045173,2025-10-13,2342.66,2372.9996622217113,2372.824303046757,2373.175021396666,2362.7302309044217
TR-045174,2025-10-13,7004.3,1872.3322457820004,1857.5548420487328,1887.1096495152683,1873.8547322745485
TR-045175,2025-10-13,1481.4,1537.5131381628594,1559.9040347969749,1515.1222415287436,1532.3932099268386
TR-045176,2025-10-13,1803.73,1854.8655900034755,1892.7436009817122,1816.987579025239,1845.0550690868918
TR-045177,2025-10-13,1619.19,1701.4183111644172,1766.4960928202604,1636.340529508574,1692.4370043645126
TR-045178,2025-10-13,1540.17,1606.9601163385162,1656.1415106300622,1557.7787220469702,1612.6382694409153
TR-045179,2025-10-13,1688.42,1669.1403113027309,1685.2730088130236,1653.0076137924384,1665.5920353120298
TR-045180,2025-10-13,2903.7,2985.258125840423,3009.896518738711,2960.6197329421348,2979.0913082373754
TR-045181,2025-10-13,2351.62,2452.8387098791763,2459.4760587592705,2446.2013609990818,2441.3014705625355
TR-045182,2025-10-13,275.01,292.2642633358466,299.60520513258297,284.9233215391102,299.1751076161936
TR-045183,2025-10-13,5708.0,5809.675685212835,5896.237574308909,5723.113796116761,5768.723818274331
TR-045184,2025-10-13,388.7,378.0337034248647,365.5187916475454,390.548615202184,381.89020333542294
TR-045185,2025-10-13,2101.26,2116.147688887876,2124.794301405362,2107.5010763703904,2109.0979627572256
TR-045186,2025-10-13,3914.01,3869.712129416901,3935.894762957071,3803.529495876731,3839.2451945045777
TR-045187,2025-10-13,1027.96,1057.2424734467693,1065.7605920571223,1048.7243548364163,1063.6316722728789
TR-045188,2025-10-13,1649.6,1644.8636523727218,1663.2053446021205,1626.5219601433234,1635.4903521661859
TR-045189,2025-10-13,1181.37,1222.064579651474,1259.0467044900352,1185.0824548129133,1219.2572972383994
TR-045190,2025-10-14,2777.11,2796.948825753676,2839.872119584296,2754.0255319230564,2786.9885434156977
TR-045191,2025-10-14,1786.77,1836.9751924663988,1843.0047195386824,1830.9456653941152,1830.1478427441402
TR-045192,2025-10-14,1211.92,1223.901578096901,1228.873925062228,1218.929231131574,1220.4461650410483
TR-045193,2025-10-14,1880.41,1875.0640676075975,1877.0450725217618,1873.0830626934332,1873.770185434893
TR-045194,2025-10-14,2469.79,2513.3763782047627,2531.3883235019957,2495.36443290753,2505.312996305747
TR-045195,2025-10-14,2463.58,2460.001465758161,2486.1899978843867,2433.8129336319353,2451.6083424031403
TR-045196,2025-10-14,839.33,850.8273311812075,851.7131776022696,849.9414847601453,854.2434005097964
TR-045197,2025-10-14,603.72,634.6048052973565,633.106613301113,636.1029972936001,633.312489583167
TR-045198,2025-10-14,2240.31,2373.5575785681913,2398.444594674772,2348.67056246161,2370.224363240307
TR-045199,2025-10-14,5388.1,5516.364708604424,5590.436814853648,5442.292602355201,5490.717370114877
TR-045200,2025-10-14,1046.59,1043.2917538875215,1055.165905656989,1031.417602118054,1043.2574686626108
TR-045201,2025-10-14,3073.46,3106.9441254398216,3091.5475651004776,3122.3406857791656,3103.2083167629153
TR-045202,2025-10-14,1475.73,1488.7396215809747,1496.7134040866188,1480.7658390753306,1480.6799718743814
TR-045203,2025-10-14,2723.01,2827.5604475858554,2826.9273787340494,2828.1935164376614,2820.2324962505277
TR-045204,2025-10-14,2826.14,2801.986220514991,2770.89843077459,2833.0740102553927,2806.7310067560134
TR-045205,2025-10-14,2164.07,2170.997333599556,2165.9278835538803,2176.0667836452317,2158.201859226663
TR-045206,2025-10-14,2844.66,2825.366930110764,2827.321855807377,2823.4120044141514,2829.6824144525754
TR-045207,2025-10-14,5648.65,5749.992554829239,5839.622849904099,5660.36225975438,5774.237925954534
TR-045208,2025-10-14,2990.4,3059.1230225351273,3042.7920586925206,3075.4539863777336,3047.8415708458256
TR-045209,2025-10-14,924.87,956.5890604738407,961.5836253521131,951.5944955955683,957.0652472998793
TR-045210,2025-10-14,1277.01,1265.2543176055651,1280.6971140437706,1249.8115211673594,1264.5827115290317
TR-045211,2025-10-14,3408.35,3452.4932115914967,3426.2720228143435,3478.71440036865,3441.253773468994
TR-045212,2025-10-14,1262.44,1315.448003611056,1358.1507323047108,1272.7452749174013,1312.0546123519782
TR-045213,2025-10-14,2066.58,2106.7929474869898,2164.5356891922183,2049.0502057817616,2096.4550081440857
TR-045214,2025-10-14,4318.52,4334.714756745418,4411.993956330438,4257.4355571603965,4340.6310632525365
TR-045215,2025-10-14,1743.83,1784.0916747723202,1797.120415447992,1771.0629340966484,1765.0073516457703
TR-045216,2025-10-14,1511.26,1544.8628203959988,1540.8670408850874,1548.8585999069103,1544.2037360911306
TR-045217,2025-10-14,1343.75,1371.854324441807,1378.0262240506481,1365.6824248329658,1367.851918971492
TR-045218,2025-10-14,1285.24,1291.482272166315,1302.3744732893317,1280.5900710432984,1294.5020052337773
TR-045219,2025-10-14,4291.19,4241.53483317364,4262.335166457603,4220.734499889677,4250.733977999248
TR-045220,2025-10-14,4115.08,4165.962714335106,4200.197514770593,4131.727913899618,4173.035317538193
TR-045221,2025-10-14,3166.71,3157.364216313055,3210.684607921772,3104.0438247043376,3137.668278620359
TR-045222,2025-10-14,1432.87,1430.2980018175913,1419.636218956022,1440.9597846791603,1426.617815011206
TR-045223,2025-10-14,5133.96,5385.087283908584,5471.237108887963,5298.9374589292065,5402.021036733273
TR-045224,2025-10-14,3217.94,3173.219938421854,3170.1193269982227,3176.3205498454854,3165.41585644302
TR-045225,2025-10-14,4875.19,4946.808037656417,4969.970695884465,4923.645379428368,4952.9395428194475
TR-045226,2025-10-14,2435.4,2449.631275494743,2481.7412362667606,2417.521314722726,2452.7367925645385
TR-045227,2025-10-14,3280.86,3265.7512680909044,3291.15000310815,3240.352533073659,3262.4809190392652
TR-045228,2025-10-14,1645.01,1673.0979914398588,1674.6242799586557,1671.5717029210618,1661.138048265183
TR-045229,2025-10-14,1846.41,1827.1817576127564,1825.573672520167,1828.7898427053456,1830.5642575907145
TR-045230,2025-10-14,868.43,910.9472247803154,918.0711626056075,903.8232869550234,900.6738661037616
TR-045231,2025-10-14,4145.97,4229.586699037931,4316.60434331559,4142.569054760271,4231.165483595514
TR-045232,2025-10-14,342.29,349.75639068515306,350.2685376043688,349.2442437659373,351.10861647814806
TR-045233,2025-10-14,944.78,949.3638971603066,947.5591273533319,951.1686669672813,948.2296195287495
TR-045234,2025-10-14,432.81,432.1839803589048,438.5391824498635,425.8287782679462,433.55064899224266
TR-045235,2025-10-14,2100.38,2253.4197441327424,2277.648176167864,2229.19131209762,2236.1026159137673
TR-045236,2025-10-14,1913.71,2012.9762224767805,2060.744881696295,1965.207563257266,2010.9775893415008
TR-045237,2025-10-14,4637.6,4566.119531816739,4584.907409644387,4547.331653989092,4568.043728616451
TR-045238,2025-10-14,3959.08,4136.567698701061,4212.503043236487,4060.632354165635,4128.6876792434905
TR-045239,2025-10-14,335.52,355.3996201190304,373.285930786266,337.5133094517948,348.3958425078788
TR-045240,2025-10-14,876.72,871.7489710058699,879.4204769160124,864.0774650957273,864.3004947358471
TR-045241,2025-10-14,834.23,814.441141894962,824.5685128428813,804.3137709470427,811.3444844754962
TR-045242,2025-10-14,976.69,943.0576680008621,942.2151480738938,943.9001879278305,939.1653448211274
TR-045243,2025-10-14,2517.9,2510.9175267443916,2501.7227902484506,2520.112263240333,2504.022776234313
TR-045244,2025-10-14,2900.96,2901.5537906231293,2906.434337199523,2896.6732440467354,2889.498060604128
TR-045245,2025-10-14,2291.8,2369.9165471952037,2412.0670891106124,2327.7660052797946,2357.767047627708
TR-045246,2025-10-14,1109.5,1129.7393213052806,1128.2155037076175,1131.2631389029439,1126.8152236271576
TR-045247,2025-10-14,1404.53,1465.0372911918435,1503.618522269739,1426.4560601139476,1460.1513970396304
TR-045248,2025-10-14,1778.9,1823.4369421894276,1835.7673649755886,1811.1065194032665,1827.6393958829165
TR-045249,2025-10-14,672.87,686.0073092030877,681.0805546571694,690.9340637490061,686.4527742021728
TR-045250,2025-10-14,4492.99,4476.533930726556,4467.066864482503,4486.000996970609,4467.187319013148
TR-045251,2025-10-14,3691.68,3700.485435863716,3727.7403598309247,3673.230511896507,3697.5854119208543
TR-045252,2025-10-14,4106.78,4220.127309129795,4229.846124565587,4210.408493694004,4211.864104998641
TR-045253,2025-10-14,2400.42,2453.1716721347752,2483.871112621422,2422.4722316481284,2452.655144436004
TR-045254,2025-10-14,2829.54,2805.657357341949,2811.0669338062994,2800.2477808775984,2781.263562424695
TR-045255,2025-10-14,1016.38,1024.4941786511909,1016.8524270567464,1032.135930245635,1017.8712941219719
TR-045256,2025-10-14,2068.54,2007.6442406488222,1999.4986456294525,2015.7898356681917,2015.2121985645226
TR-045257,2025-10-14,1985.13,1974.8847929097608,1975.5781099915478,1974.1914758279738,1970.496745039814
TR-045258,2025-10-14,1068.71,3058.317197962925,3075.567233002532,3041.067162923318,3043.0123181603294
TR-045259,2025-10-14,3810.51,3822.8522981555743,3853.653314941359,3792.05128136979,3846.116560043496
TR-045260,2025-10-14,2759.01,2820.9228112171686,2835.6591458982093,2806.186476536128,2807.1389155618444
TR-045261,2025-10-14,4823.0,4725.90592169706,4763.01764405627,4688.794199337849,4718.4160457079
TR-045262,2025-10-14,3276.21,3249.497419119256,3298.526253539846,3200.468584698666,3254.808552178917
TR-045263,2025-10-14,2572.11,2582.7037647747775,2583.3312769580407,2582.076252591514,2579.87518604348
TR-045264,2025-10-14,1654.43,1661.3502341344172,1658.8608149947427,1663.8396532740917,1660.719339415441
TR-045265,2025-10-14,1917.02,1993.5242639818011,1994.2816360582458,1992.7668919053565,1982.1472583439167
TR-045266,2025-10-14,1283.37,1297.6713679433285,1282.643386501002,1312.699349385655,1297.8707201723382
TR-045267,2025-10-14,1880.86,1890.5588539857952,1878.9468201452237,1902.1708878263667,1894.5309162425442
TR-045268,2025-10-14,1237.67,1205.6951873514029,1191.667788939122,1219.7225857636838,1201.9780476076467
TR-045269,2025-10-14,1905.9,1943.6674508011665,1991.265976171261,1896.068925431072,1933.1227400876987
TR-045270,2025-10-14,1394.17,1442.1171542898783,1475.9590296039103,1408.275278975846,1433.070715917198
TR-045271,2025-10-14,3737.58,3811.9378899393423,3772.6807737358486,3851.195006142836,3805.283803372291
TR-045272,2025-10-14,870.04,867.0830176058885,872.9128149309663,861.2532202808108,872.5156075143973
TR-045273,2025-10-14,3980.47,3872.385575335874,3902.4159112177695,3842.355239453978,3865.152017778373
TR-045274,2025-10-14,4071.09,4237.2275575930125,4300.9297150993525,4173.525400086673,4239.445349750459
TR-045275,2025-10-14,1882.03,1906.629800078047,1940.984810867573,1872.274789288521,1905.3025994034424
TR-045276,2025-10-14,1209.75,1232.4840564870335,1236.533135511506,1228.434977462561,1228.880531419752
TR-045277,2025-10-14,767.46,763.9380278944076,773.5104018776847,754.3656539111305,767.8778088869576
TR-045278,2025-10-14,1889.66,1887.9142900478091,1894.882684516124,1880.945895579494,1885.5068374922525
TR-045279,2025-10-14,5580.26,5615.261466310416,5663.24509948041,5567.277833140421,5574.915346832583
TR-045280,2025-10-14,968.58,979.0811111785227,984.5824844858962,973.5797378711493,975.5549020550757
TR-045281,2025-10-14,770.73,770.3670767209148,777.9921346980198,762.74201874381,769.8199468720459
TR-045282,2025-10-14,1672.5,1679.1894547160177,1688.3509299331554,1670.0279794988799,1671.4231716145578
TR-045283,2025-10-14,3460.38,3552.933150414392,3613.4888284148433,3492.377472413941,3567.5421374905254
TR-045284,2025-10-14,4118.79,4202.289385634452,4220.956922528849,4183.621848740055,4194.95418728828
TR-045285,2025-10-14,1817.69,1803.5384363917924,1814.4003965489132,1792.6764762346716,1798.6817675989346
TR-045286,2025-10-14,9208.2,3178.6405192265,3195.848075527507,3161.4329629254935,3169.595927520526
TR-045287,2025-10-14,3437.7,3505.5929874957196,3558.8515799012616,3452.3343950901776,3494.9045231766777
TR-045288,2025-10-14,2495.56,2597.912883718298,2580.275254633793,2615.5505128028035,2593.422827184123
TR-045289,2025-10-14,994.05,990.5507098795688,992.5283989489693,988.5730208101683,983.2281443456874
TR-045290,2025-10-14,1550.66,1546.5907493279929,1559.582970748878,1533.5985279071076,1547.719435983347
TR-045291,2025-10-14,2390.2,2418.499871370619,2458.74530262152,2378.254440119718,2410.83119682048
TR-045292,2025-10-14,2761.78,2819.6939302304154,2829.7165781920394,2809.671282268792,2820.5842926160076
TR-045293,2025-10-14,4010.82,4134.841896419837,4181.925608524554,4087.7581843151197,4108.9042539272305
TR-045294,2025-10-14,2036.02,2025.6704910696358,2055.979147250195,1995.3618348890761,2026.1298436051534
TR-045295,2025-10-14,1705.04,1793.116898421492,1806.989167914962,1779.2446289280215,1790.4413298227637
TR-045296,2025-10-14,4648.25,4676.652839757601,4622.413050489875,4730.892629025328,4671.794022641303
TR-045297,2025-10-14,796.77,823.4571732335537,847.9980072874744,798.9163391796332,820.463058358822
TR-045298,2025-10-14,4085.68,4363.126674201026,4368.025539610656,4358.227808791396,4340.488921295979
TR-045299,2025-10-14,1438.66,1499.2127745589842,1529.3966727444329,1469.0288763735357,1500.0828133277428
TR-045300,2025-10-14,2203.15,2206.0421801385664,2224.18002215967,2187.904338117463,2194.8068953176353
TR-045301,2025-10-14,4441.37,4424.449327222743,4467.688518317718,4381.210136127768,4434.70710350432
TR-045302,2025-10-14,2615.32,2565.41621632687,2571.934931665238,2558.897500988502,2555.5611073068117
TR-045303,2025-10-14,1653.73,1660.1651071921463,1682.1041444234304,1638.226069960862,1656.3234705673437
TR-045304,2025-10-14,4599.84,4537.280816904172,4579.511023771025,4495.050610037319,4539.020764256817
TR-045305,2025-10-14,2241.93,2340.458315688713,2380.5568704848783,2300.3597608925475,2343.9324518456388
TR-045306,2025-10-14,1162.93,1188.9988037474395,1186.743656089198,1191.253951405681,1192.577637431431
TR-045307,2025-10-14,3923.5,3952.0614726144377,4033.98974844922,3870.1331967796555,3953.634151992226
TR-045308,2025-10-14,1356.86,1382.7170570793123,1396.819716936448,1368.6143972221769,1376.4560168922433
TR-045309,2025-10-14,211.65,234.79341892390713,245.02036315085903,224.56647469695523,237.7890889104697
TR-045310,2025-10-14,2034.11,2118.1510814406333,2094.2513474732823,2142.0508154079844,2118.2122895517005
TR-045311,2025-10-14,1752.33,1795.4541165796704,1822.9678717625181,1767.9403613968225,1795.9422055053033
TR-045312,2025-10-14,3322.69,3375.711554107159,3384.879115320094,3366.5439928942233,3388.1806770392095
TR-045313,2025-10-14,2466.99,2432.7745421645827,2422.2734891415034,2443.275595187662,2432.064247361578
TR-045314,2025-10-14,1718.44,1733.364935602689,1732.5722074777411,1734.157663727637,1737.3084977207445
TR-045315,2025-10-14,2108.3,2244.081832561955,2291.8862612076578,2196.2774039162523,2251.959733382023
TR-045316,2025-10-14,4190.59,4372.172296772478,4402.795817602354,4341.548775942603,4372.08248662625
TR-045317,2025-10-14,2555.1,2565.63548317376,2596.280952556075,2534.990013791444,2555.7787393762596
TR-045318,2025-10-14,3988.15,4012.360683412439,4061.8806105521394,3962.8407562727384,4002.7219312838565
TR-045319,2025-10-14,2282.3,2346.2479879174325,2380.27000579842,2312.225970036445,2343.966778075587
TR-045320,2025-10-14,1864.02,1936.455793523869,1932.7822854833707,1940.1293015643673,1939.3411221055594
TR-045321,2025-10-14,4309.49,4282.414823517518,4329.136254551373,4235.693392483663,4263.789823439774
TR-045322,2025-10-14,1945.1,1896.4671892536344,1895.6124083332788,1897.32197017399,1898.1334823859747
TR-045323,2025-10-14,5493.16,5597.676585224353,5633.998245116141,5561.3549253325655,5559.377608926491
TR-045324,2025-10-14,1952.91,1935.9941201456859,1934.0211351345986,1937.9671051567734,1933.1315130034836
TR-045325,2025-10-14,2834.36,2907.321112748322,2884.26718676581,2930.3750387308332,2891.9218989871006
TR-045326,2025-10-14,1281.05,1327.1282163107367,1361.0691841449436,1293.1872484765295,1314.8218525871966
TR-045327,2025-10-14,788.0,830.7370003935532,850.257982154095,811.2160186330115,829.0165520125086
TR-045328,2025-10-14,1874.94,1849.9205630458296,1850.6617591331512,1849.1793669585077,1849.9687310222648
TR-045329,2025-10-14,2027.7,2034.8869019980073,2039.5183267433924,2030.255477252622,2027.8633244550656
TR-045330,2025-10-14,3071.43,3170.7247885012357,3184.9413955378923,3156.5081814645787,3163.849991832031
TR-045331,2025-10-14,3532.28,3532.937852867739,3594.9997639660005,3470.875941769477,3545.769567091508
TR-045332,2025-10-14,753.38,786.3802213727165,794.4831313713224,778.2773113741105,787.8152903762054
TR-045333,2025-10-14,3193.71,3272.038891762436,3268.316998829387,3275.7607846954843,3276.986073199112
TR-045334,2025-10-14,3520.42,3562.3874798751604,3542.8213946651385,3581.9535650851826,3553.8209689222085
TR-045335,2025-10-14,1464.04,1445.5043090226955,1425.7807492465013,1465.2278687988899,1446.79909390582
TR-045336,2025-10-14,5606.16,5638.64909529845,5688.458963486147,5588.839227110754,5639.975076026713
TR-045337,2025-10-14,6049.66,6088.496197682261,6050.971635813572,6126.020759550949,6101.04483660004
TR-045338,2025-10-14,3055.38,3029.0483616565507,3050.463622034621,3007.633101278481,3018.783977686906
TR-045339,2025-10-14,913.33,930.7175061963699,941.8807186392013,919.5542937535386,930.9625667599672
TR-045340,2025-10-14,616.61,643.270372290648,651.5565615846463,634.9841829966497,638.0536541137205
TR-045341,2025-10-14,5064.85,5322.523814591458,5420.278152680506,5224.769476502411,5280.490176029436
TR-045342,2025-10-14,1176.84,1119.1993891578059,1128.8239045792236,1109.5748737363883,1121.7078218004679
TR-045343,2025-10-14,3065.85,3098.138933744771,3121.633379430536,3074.644488059006,3093.2624432467233
TR-045344,2025-10-14,3328.78,3304.67801987861,3338.1937214564878,3271.1623183007323,3290.8794055606186
TR-045345,2025-10-14,804.05,808.5228999173034,807.004444321464,810.041355513143,807.9308258127355
TR-045346,2025-10-14,1987.31,1958.022215422959,1965.6965584912564,1950.347872354662,1960.02905076546
TR-045347,2025-10-14,2500.22,2547.2306664334474,2542.4319584341956,2552.0293744326996,2544.66379097456
TR-045348,2025-10-14,4179.65,4161.750281254285,4214.64108493323,4108.859477575341,4152.267109936529
TR-045349,2025-10-15,1914.6,1929.190243327223,1907.9457547565078,1950.4347318979383,1934.0803148704226
TR-045350,2025-10-15,1450.77,1499.5113330465852,1542.6535607993562,1456.3691052938143,1499.9120352107311
TR-045351,2025-10-15,2136.84,2134.8855560336065,2147.119081218711,2122.652030848502,2134.3430097018404
TR-045352,2025-10-15,1822.83,1810.8215622979997,1796.2103199516196,1825.4328046443795,1814.1994797800521
TR-045353,2025-10-15,932.17,945.6482558117714,941.6701422081331,949.6263694154095,946.2112635842959
TR-045354,2025-10-15,1251.37,1255.7690884414815,1238.1287389613026,1273.4094379216604,1259.011885291136
TR-045355,2025-10-15,2684.76,2638.4944637331027,2628.660344496773,2648.328582969433,2634.5264340026506
TR-045356,2025-10-15,1123.71,1133.950370377575,1120.341409771847,1147.559330983303,1138.355315566945
TR-045357,2025-10-15,881.42,903.6471379278989,916.9289039527151,890.3653719030827,910.8304252937863
TR-045358,2025-10-15,1355.77,1360.1136321256058,1351.7529853135563,1368.474278937655,1363.5390363199822
TR-045359,2025-10-15,1204.07,1194.9247855993667,1191.4927468766239,1198.3568243221096,1196.357760767
TR-045360,2025-10-15,861.53,885.4327345448523,887.0176065380555,883.8478625516492,884.8520705234239
TR-045361,2025-10-15,1178.27,1189.8137391518117,1208.8839215065034,1170.7435567971197,1184.1009474472862
TR-045362,2025-10-15,961.45,958.9687688205038,963.3024654565872,954.6350721844203,957.0504306165003
TR-045363,2025-10-15,3272.45,3367.245537896437,3359.599791388725,3374.8912844041492,3363.115248622011
TR-045364,2025-10-15,5462.43,5673.37317253506,5738.879284502457,5607.8670605676625,5667.273971508429
TR-045365,2025-10-15,5007.73,5115.923973698923,5069.324334852664,5162.523612545182,5109.545857580963
TR-045366,2025-10-15,1699.95,1693.3313395280447,1726.3360362275364,1660.3266428285533,1693.7027558222321
TR-045367,2025-10-15,779.9,770.0985788129278,779.6732642368878,760.5238933889678,769.6008482668965
TR-045368,2025-10-15,2716.26,2709.8993210513454,2711.083325378542,2708.715316724148,2698.0657917515355
TR-045369,2025-10-15,4877.5,4917.389499378771,4849.81674549959,4984.962253257952,4886.753346150919
TR-045370,2025-10-15,5287.91,5246.925473478745,5293.209999381466,5200.640947576023,5226.763475102911
TR-045371,2025-10-15,1009.32,1033.6477722703148,1052.886085058504,1014.4094594821257,1030.2227339860108
TR-045372,2025-10-15,3554.36,3742.281965922779,3810.2181672533493,3674.3457645922085,3755.0829526585185
TR-045373,2025-10-15,3644.6,3658.150216086143,3681.3760623007497,3634.9243698715354,3666.5196052426954
TR-045374,2025-10-15,5404.21,5343.529636896144,5390.275652543648,5296.783621248642,5322.882078487937
TR-045375,2025-10-15,1655.51,1570.1569819235488,1576.0002624320575,1564.31370141504,1572.6142065794631
TR-045376,2025-10-15,1309.36,1273.3210418035737,1254.5604995459846,1292.0815840611626,1274.3795288844565
TR-045377,2025-10-15,4165.83,4071.0108108622117,4079.2148558170256,4062.806765907398,4083.3229737944075
TR-045378,2025-10-15,4006.28,4026.3946306474536,3993.7684644191245,4059.020796875783,4036.062858855747
TR-045379,2025-10-15,1061.61,1070.610546379639,1065.9188754306556,1075.3022173286224,1067.8555506836785
TR-045380,2025-10-15,4242.9,4351.712837761461,4347.079854959906,4356.345820563016,4361.0375393046725
TR-045381,2025-10-15,1951.97,1943.4491162061388,1915.9980566456488,1970.9001757666288,1948.9661000224983
TR-045382,2025-10-15,348.2,361.8415787428762,369.3874319208983,354.29572556485414,362.6595292367391
TR-045383,2025-10-15,834.92,826.5978996361563,830.0270754859745,823.1687237863381,829.6647399635253
TR-045384,2025-10-15,4519.53,4378.577516923004,4384.153179016382,4373.001854829627,4374.065329646219
TR-045385,2025-10-15,1659.11,1655.8338289726314,1653.9194554297414,1657.7482025155214,1660.2000679882879
TR-045386,2025-10-15,1214.48,1222.5303701677296,1227.5472575652293,1217.51348277023,1219.4172847561272
TR-045387,2025-10-15,2442.56,2391.1668957091597,2414.1736383695884,2368.1601530487305,2396.0424973427207
TR-045388,2025-10-15,2936.44,2958.1096544346865,2935.6891745903554,2980.530134279018,2951.2117956108796
TR-045389,2025-10-15,864.31,879.261586061829,872.2043234589573,886.3188486647007,880.9021740059507
TR-045390,2025-10-15,3734.02,3688.9275086863786,3666.040323175442,3711.814694197315,3698.9941181811096
TR-045391,2025-10-15,3996.08,4031.3908298384367,4027.2413599945235,4035.5402996823505,4039.328520335881
TR-045392,2025-10-15,1501.44,1545.5022340250123,1564.8133155578744,1526.1911524921502,1542.236858396675
TR-045393,2025-10-15,3618.32,3693.506703091037,3687.8359009579103,3699.1775052241633,3704.197851509727
TR-045394,2025-10-15,600.5,607.0340885686096,609.6684705596143,604.399706577605,607.1816822336147
TR-045395,2025-10-15,2508.4,2437.9519940853625,2434.875315756208,2441.0286724145167,2435.675103804035
TR-045396,2025-10-15,2661.47,2696.455739514593,2696.3089132011187,2696.6025658280673,2695.165097197421
TR-045397,2025-10-15,1813.6,1806.2648591791617,1825.7005683189684,1786.8291500393548,1808.3507482222894
TR-045398,2025-10-15,1056.38,1022.0846552214072,1017.9731973125959,1026.1961131302185,1018.7185379010718
TR-045399,2025-10-15,216.75,240.38008178641562,252.40671031108894,228.3534532617423,241.3717079804368
TR-045400,2025-10-15,1788.8,1822.3436949134802,1801.1032254774634,1843.584164349497,1825.7211207497253
TR-045401,2025-10-15,1232.16,1265.9635845280452,1272.5831951416171,1259.3439739144733,1267.667526162167
TR-045402,2025-10-15,853.57,857.6113719367086,857.1750606535137,858.0476832199035,860.455106837545
TR-045403,2025-10-15,1564.33,1573.8543119741844,1574.5832057203963,1573.1254182279724,1569.3466459040192
TR-045404,2025-10-15,1378.98,1359.2702750113854,1364.1377477614744,1354.402802261296,1355.347000428405
TR-045405,2025-10-15,4506.19,4569.163282166046,4614.041040379364,4524.285523952729,4584.618999063713
TR-045406,2025-10-15,1653.47,1697.0810815779253,1710.7331831315998,1683.4289800242507,1691.7599106476205
TR-045407,2025-10-15,1038.39,1028.7842247136548,1033.601944170515,1023.9665052567946,1028.3589834556828
TR-045408,2025-10-15,4400.24,4541.481310654077,4501.688383574069,4581.274237734084,4559.751875764243
TR-045409,2025-10-15,1876.83,1867.1390253578647,1877.1315953099756,1857.146455405754,1862.9079849854265
TR-045410,2025-10-15,1089.43,1086.1648683085282,1088.067025685452,1084.262710931604,1090.1714174064405
TR-045411,2025-10-15,1332.19,1336.1266269490948,1360.6871299940854,1311.5661239041042,1342.398119181044
TR-045412,2025-10-15,1053.6,1067.580188605154,1064.5769700330077,1070.5834071773006,1067.0663413469615
TR-045413,2025-10-15,1152.67,1141.5433691221715,1130.5210484404454,1152.5656898038976,1137.0372129168934
TR-045414,2025-10-15,6475.22,6486.856411371187,6506.995385218452,6466.717437523922,6505.627102976903
TR-045415,2025-10-15,1605.1,1697.8195400715058,1714.4821912441832,1681.1568888988286,1703.8668465353944
TR-045416,2025-10-15,3212.24,3240.175615100369,3257.2163978257317,3223.134832375006,3224.027453880284
TR-045417,2025-10-15,436.33,440.50930393913893,435.28002417353093,445.738583704747,439.2965654033485
TR-045418,2025-10-15,2740.89,2761.2725277320083,2746.7927521632896,2775.752303300727,2772.68535559265
TR-045419,2025-10-15,4350.23,1404.065954921347,1420.2721527959204,1387.8597570467737,1410.6341231830615
TR-045420,2025-10-15,944.01,909.8002326162922,917.6249552616756,901.9755099709088,911.7919087826649
TR-045421,2025-10-15,3563.89,3570.9882682444713,3676.8800043511546,3465.096532137788,3593.386739901869
TR-045422,2025-10-15,1255.95,1249.3983025503442,1256.1615879696728,1242.6350171310155,1248.9576728061843
TR-045423,2025-10-15,2041.12,2082.5426807783215,2060.7164559376884,2104.368905618954,2090.246252840516
TR-045424,2025-10-15,1346.17,1351.1174838107668,1349.7515928799085,1352.4833747416249,1346.0081025646573
TR-045425,2025-10-15,568.26,3200.6297569774224,3207.183386518117,3194.076127436728,3215.3620862749485
TR-045426,2025-10-15,2903.57,3018.998678369102,3022.6844808787796,3015.312875859425,3022.793513096446
TR-045427,2025-10-15,4389.3,4294.405930874344,4329.267691695981,4259.544170052708,4308.6516612187825
TR-045428,2025-10-15,2617.61,2597.880820084406,2596.852047231968,2598.909592936844,2594.193281968793
TR-045429,2025-10-15,1498.27,1463.0181118033681,1464.9962010227384,1461.0400225839978,1458.8371471661158
TR-045430,2025-10-15,2985.02,2975.4787081487466,2962.6513251065717,2988.3060911909215,2962.724804165216
TR-045431,2025-10-15,1930.62,1929.8877981294772,1955.4751132065048,1904.3004830524494,1926.4013009960454
TR-045432,2025-10-15,2661.22,2646.5997832260978,2636.8353470331317,2656.364219419064,2638.012320366917
TR-045433,2025-10-15,2045.72,2081.5481390909827,2133.6644663580305,2029.4318118239346,2093.133272791479
TR-045434,2025-10-15,842.96,838.5322591141542,839.6752561356063,837.3892620927019,839.998055953711
TR-045435,2025-10-15,2152.99,2182.148780557935,2197.215255847963,2167.082305267907,2178.0153300068464
TR-045436,2025-10-15,1744.7,1857.58704944062,1896.2466298541678,1818.927469027072,1844.1771710596431
TR-045437,2025-10-15,2181.82,2194.228756368531,2239.614364793303,2148.8431479437586,2193.251084899991
TR-045438,2025-10-15,1907.86,1880.1394243741606,1857.718913177058,1902.5599355712634,1888.5870684807408
TR-045439,2025-10-15,3295.14,3353.994201615927,3376.5834034645573,3331.404999767297,3319.7129627661006
TR-045440,2025-10-15,1364.09,1352.0882057935073,1359.6290877928182,1344.5473237941967,1351.0246028284128
TR-045441,2025-10-15,2087.79,2114.111601170898,2085.163757414344,2143.059444927452,2119.642481894061
TR-045442,2025-10-15,1556.11,1595.2861658066843,1594.5892210692818,1595.9831105440867,1592.7649088166418
TR-045443,2025-10-15,1944.75,1986.2250350055215,2033.3349898478068,1939.1150801632361,1980.5762574082642
TR-045444,2025-10-15,1512.28,1526.9310151237046,1514.297978246343,1539.564052001066,1525.0152611338735
TR-045445,2025-10-15,3926.13,3865.7804759065048,3849.189642723115,3882.371309089895,3871.745189475912
TR-045446,2025-10-15,483.85,499.8290702206419,496.93597712155963,502.72216331972413,501.117061441832
TR-045447,2025-10-15,1165.76,1170.6225787190697,1185.7562300825177,1155.4889273556214,1165.1349574473065
TR-045448,2025-10-15,1438.61,1453.1288317210601,1451.348134188484,1454.9095292536365,1458.783201190929
TR-045449,2025-10-15,1692.84,1729.7951525284795,1743.2942685540977,1716.2960365028614,1729.0198639278706
TR-045450,2025-10-15,754.63,742.3700233762846,745.6472901079585,739.0927566446107,740.0287170208117
TR-045451,2025-10-15,1004.61,999.3914481725981,1004.0132615130514,994.7696348321449,997.2371924425499
TR-045452,2025-10-15,2234.84,2197.1211805076146,2239.8177350795754,2154.424625935654,2193.6452676466806
TR-045453,2025-10-15,2952.3,2967.1087262393776,2961.2212437596827,2972.996208719072,2951.925409330397
TR-045454,2025-10-15,1533.52,1548.5016692657568,1547.7022327788713,1549.3011057526421,1549.5110367307043
TR-045455,2025-10-15,5166.25,5306.827445418551,5430.991797859602,5182.6630929775,5318.613997213117
TR-045456,2025-10-15,3281.89,3269.7146061193907,3298.973164528474,3240.4560477103078,3265.639811505951
TR-045457,2025-10-15,1269.99,1338.9917166255022,1360.2184481605163,1317.7649850904882,1344.834907230275
TR-045458,2025-10-15,4306.25,4243.24013553996,4248.080002192464,4238.400268887454,4242.5527034390725
TR-045459,2025-10-15,2476.61,2413.826629064191,2384.328602693534,2443.324655434848,2420.1649009809407
TR-045460,2025-10-15,3778.62,3714.3337848346146,3640.0591720253287,3788.608397643901,3716.9160865844597
TR-045461,2025-10-15,3385.62,3419.4072520964064,3499.4530149830953,3339.361489209717,3441.5809811217787
TR-045462,2025-10-15,1681.07,1703.1589375095257,1700.460007076929,1705.8578679421223,1700.5392870344444
TR-045463,2025-10-15,4294.8,4271.42466361509,4265.352500016544,4277.496827213637,4260.573618986166
TR-045464,2025-10-15,2564.43,2571.682287633723,2531.368838369118,2611.9957368983273,2562.449695175647
TR-045465,2025-10-15,501.67,495.39810911583095,493.6314223970622,497.1647958345997,495.92701948471404
TR-045466,2025-10-15,2247.19,2224.071705739146,2265.076290634497,2183.0671208437952,2229.254583676404
TR-045467,2025-10-15,4562.17,4502.618987501335,4585.843636052589,4419.39433895008,4498.231989332173
TR-045468,2025-10-15,3238.99,3295.063578584257,3348.1486377779393,3241.978519390575,3299.8084646941156
TR-045469,2025-10-15,1493.13,1527.9147923398712,1513.1959053092924,1542.63367937045,1532.6078728395123
TR-045470,2025-10-15,1602.83,1635.571434451415,1633.9485915057223,1637.1942773971073,1640.4080440345078
TR-045471,2025-10-15,928.05,900.2051831635864,907.6294137725245,892.7809525546484,902.4427576963393
TR-045472,2025-10-15,3913.99,4012.2617711325784,3988.345661779992,4036.177880485164,3996.4957572143508
TR-045473,2025-10-15,2990.47,3031.0341164238744,2997.2838692626938,3064.7843635850554,3030.364980053254
TR-045474,2025-10-15,2214.62,2285.279679997274,2301.2640971317833,2269.295262862765,2290.535915462401
TR-045475,2025-10-15,1323.68,1359.7408121591907,1347.0194442441687,1372.4621800742127,1361.6140690038649
TR-045476,2025-10-15,1844.13,1889.2553625030037,1898.2927621725853,1880.2179628334222,1889.2802898829252
TR-045477,2025-10-15,932.44,959.7349863595714,967.0248504900516,952.4451222290912,957.4308480346317
TR-045478,2025-10-15,474.27,468.56743591886766,474.20001984141084,462.93485199632454,463.58049365289537
TR-045479,2025-10-15,2227.05,2231.5088405004362,2224.5435885626366,2238.4740924382363,2229.760079954536
TR-045480,2025-10-15,2089.72,2134.8625869830266,2150.6164593972276,2119.108714568826,2121.276557075967
TR-045481,2025-10-15,5134.16,5080.946810189102,5158.6044914245595,5003.289128953644,5057.350100115405
TR-045482,2025-10-15,2193.66,2270.764382176567,2277.245577389968,2264.2831869631655,2279.6209164797583
TR-045483,2025-10-15,794.02,810.1773094195596,806.6071412772166,813.7474775619028,815.2159802752751
TR-045484,2025-10-15,1971.21,420.88323263003065,422.7437147786814,419.0227504813799,415.46974028626903
TR-045485,2025-10-15,3702.06,3722.5530722756853,3779.469494490462,3665.636650060909,3712.0274567240554
TR-045486,2025-10-15,999.32,1001.6291148939624,1010.0710512934729,993.1871784944519,998.0526967401432
TR-045487,2025-10-15,4097.51,3961.664341727588,3990.456082744799,3932.8726007103774,3964.7538996436897
TR-045488,2025-10-15,4235.68,4211.628714955193,4280.038552180111,4143.2188777302745,4230.504504196888
TR-045489,2025-10-15,2724.75,2738.2705301283377,2713.6459902430065,2762.8950700136684,2746.5515958734213
TR-045490,2025-10-15,2087.54,2078.729086266473,2051.6527171225657,2105.80545541038,2079.3700604937803
TR-045491,2025-10-15,1258.93,1321.0558085490925,1324.3476827832424,1317.7639343149426,1321.4648279711705
TR-045492,2025-10-15,2343.06,2383.794700662389,2366.2930574649713,2401.296343859807,2396.7258717379427
TR-045493,2025-10-15,4341.53,4380.62154089706,4382.774917327665,4378.468164466456,4364.955040003699
TR-045494,2025-10-15,3346.88,3388.4070322952466,3451.192630201939,3325.6214343885536,3397.7744698146776
TR-045495,2025-10-15,1193.64,1223.5171884250717,1217.655102095552,1229.3792747545917,1215.5008541376435
TR-045496,2025-10-16,2724.36,2725.9736533633786,2756.7857965768326,2695.161510149925,2726.4920078241425
TR-045497,2025-10-16,2533.06,2522.031423987145,2542.993577921342,2501.0692700529485,2524.6489820309553
TR-045498,2025-10-16,1699.44,1795.4303734595837,1817.54431418118,1773.3164327379877,1786.6656226504842
TR-045499,2025-10-16,4527.85,4471.830309438763,4540.965952207035,4402.694666670492,4467.674430871892
TR-045500,2025-10-16,2720.36,2787.830742180361,2781.5047674195807,2794.156716941142,2787.503455004681
TR-045501,2025-10-16,3737.89,3821.0211320133567,3895.0524325894125,3746.989831437301,3842.97837171906
TR-045502,2025-10-16,1006.55,1017.4371234287164,1017.6842605962776,1017.1899862611551,1014.0787087572853
TR-045503,2025-10-16,5553.58,5732.454772951732,5820.07125005283,5644.838295850634,5727.208384637164
TR-045504,2025-10-16,1047.23,1046.3319918707077,1032.1196344105656,1060.5443493308499,1047.1868686824475
TR-045505,2025-10-16,3512.86,3428.3429910436153,3457.353533339238,3399.3324487479927,3447.7687941793347
TR-045506,2025-10-16,834.1,812.5407947408207,809.3332783457525,815.7483111358889,812.880248159797
TR-045507,2025-10-16,2978.65,2989.902351811278,3014.1593708408195,2965.6453327817367,2990.484776413266
TR-045508,2025-10-16,3902.46,3884.3728133557433,3868.5594026174167,3900.1862240940704,3910.0675222505556
TR-045509,2025-10-16,4696.7,4595.585019008178,4571.512005537704,4619.658032478653,4579.130432022703
TR-045510,2025-10-16,757.49,725.6110402013107,720.9224358009697,730.299644601652,725.963321010708
TR-045511,2025-10-16,1651.0,1667.5951123363393,1658.178997369598,1677.0112273030804,1675.6356650526825
TR-045512,2025-10-16,1655.06,1625.8843594834752,1619.6534151225735,1632.1153038443772,1631.0212133559055
TR-045513,2025-10-16,871.81,876.9746196251248,874.4796878125934,879.4695514376562,875.4574673281547
TR-045514,2025-10-16,1474.93,1485.7871096783338,1492.4976364895913,1479.0765828670765,1488.0875860576523
TR-045515,2025-10-16,1932.3,2035.3759929815287,2090.2186724106896,1980.5333135523676,2036.6202304891353
TR-045516,2025-10-16,781.07,796.5723701206757,799.2654776573543,793.8792625839973,798.2742616769896
TR-045517,2025-10-16,902.18,915.8278620220765,917.1449463666024,914.5107776775504,914.8461532997828
TR-045518,2025-10-16,522.2,510.8092538449682,513.4392946396162,508.17921305032024,511.25193306055553
TR-045519,2025-10-16,4781.19,4780.14245577884,4738.826156389357,4821.458755168322,4769.608478609296
TR-045520,2025-10-16,1034.64,1042.1496791648774,1058.219693794936,1026.0796645348187,1045.68856852302
TR-045521,2025-10-16,4263.76,4524.896694412804,4579.8432790376655,4469.950109787944,4547.3310380412695
TR-045522,2025-10-16,904.52,946.034515992086,968.0722814754162,923.9967505087559,945.7135351919037
TR-045523,2025-10-16,1512.16,1463.4059992767648,1467.244332739358,1459.5676658141717,1464.4100801346094
TR-045524,2025-10-16,4033.83,4081.964536902356,4130.617653321363,4033.311420483349,4118.38357302174
TR-045525,2025-10-16,2238.22,2294.881293116983,2311.3804870603835,2278.382099173583,2279.182674031645
TR-045526,2025-10-16,3178.27,3241.094169740721,3215.926787069406,3266.261552412036,3243.0032397611058
TR-045527,2025-10-16,1768.37,1788.6986471581808,1784.843246484878,1792.5540478314838,1797.5692823230765
TR-045528,2025-10-16,5890.2,5878.938488471991,5890.923719176961,5866.953257767022,5897.1116701150695
TR-045529,2025-10-16,2132.59,2206.7803666528034,2252.3053370891244,2161.255396216483,2201.9290539011345
TR-045530,2025-10-16,1979.76,1988.969258984986,1963.4401814965227,2014.4983364734492,1995.5375163586186
TR-045531,2025-10-16,1198.94,1232.8642129614561,1248.8333790258423,1216.89504689707,1235.4239994292689
TR-045532,2025-10-16,3017.53,3070.0342889022477,3102.03967023627,3038.028907568225,3073.3732410435114
TR-045533,2025-10-16,1736.07,1744.2910127384857,1766.053940381718,1722.5280850952538,1743.863646430896
TR-045534,2025-10-16,1646.4,1695.8896414118817,1657.7892046073057,1733.9900782164575,1702.9978096514656
TR-045535,2025-10-16,362.78,341.7060067695188,333.4355904058604,349.97642313317715,349.1432871398191
TR-045536,2025-10-16,1030.67,1025.8365095121148,1024.6009061659847,1027.072112858245,1025.4528701639279
TR-045537,2025-10-16,1786.04,1812.6635621704163,1823.930344444656,1801.3967798961767,1822.2235768127068
TR-045538,2025-10-16,1759.89,1762.6799126462577,1750.5496224883161,1774.8102028041992,1773.11168612869
TR-045539,2025-10-16,1623.7,1588.8204431513627,1592.7875762723086,1584.8533100304169,1590.0634200552486
TR-045540,2025-10-16,1515.83,1513.0850259862266,1522.9013165962913,1503.2687353761619,1521.2591039522767
TR-045541,2025-10-16,3051.79,2928.548371834818,2904.254597705195,2952.8421459644414,2932.474525619213
TR-045542,2025-10-16,200.56,217.53069034377108,229.72671386279936,205.3346668247428,216.96461968468222
TR-045543,2025-10-16,2253.61,2278.320257102406,2247.1456857012786,2309.494828503533,2276.67946031557
TR-045544,2025-10-16,869.02,886.0886990519818,876.3444030051434,895.8329950988203,884.5439797184515
TR-045545,2025-10-16,2114.08,2093.815349100995,2108.12845812835,2079.5022400736398,2103.918944443705
TR-045546,2025-10-16,588.86,589.4756666098951,593.82575228748,585.1255809323104,588.0735860299307
TR-045547,2025-10-16,1695.48,1707.5002128725052,1708.0764247370678,1706.9240010079427,1706.5266853719286
TR-045548,2025-10-16,1501.55,1505.7534504751764,1507.8185686513061,1503.6883322990466,1504.0696375203916
TR-045549,2025-10-16,2850.38,2921.4143993704665,2950.9777297262713,2891.8510690146613,2931.5772636789043
TR-045550,2025-10-16,3389.94,3438.0452203374334,3392.130088683109,3483.9603519917578,3450.2746236410803
TR-045551,2025-10-16,1049.3,1035.1174070351383,1037.930668450208,1032.3041456200685,1032.0222936075327
TR-045552,2025-10-16,937.25,955.8099750895259,973.5874870821015,938.0324630969503,955.0918846052045
TR-045553,2025-10-16,4304.74,4229.18331426554,4278.260468169478,4180.106160361601,4243.603206524889
TR-045554,2025-10-16,4584.79,4621.745039574147,4704.610619251331,4538.8794598969625,4654.069283182327
TR-045555,2025-10-16,1687.37,4171.935224530651,4144.116652264203,4199.753796797099,4176.279031372837
TR-045556,2025-10-16,867.44,877.934820805293,882.4676159889167,873.4020256216694,879.1634399677148
TR-045557,2025-10-16,2794.83,2904.231845276783,2940.7713663546315,2867.692324198935,2924.6678934699403
TR-045558,2025-10-16,718.12,718.4747301898166,715.319766987085,721.6296933925481,721.1830295333809
TR-045559,2025-10-16,1702.69,1723.2513938630677,1722.581667918262,1723.9211198078738,1727.4770799178832
TR-045560,2025-10-16,1235.7,1259.0201071721658,1251.6332896876502,1266.4069246566812,1254.2788601301002
TR-045561,2025-10-16,1069.53,1127.8231514932938,1126.0292615817975,1129.6170414047901,1130.3194953107777
TR-045562,2025-10-16,3294.55,3315.311156310507,3333.3098455952518,3297.3124670257625,3315.481184402456
TR-045563,2025-10-16,1301.45,1328.521565614748,1321.2546670688487,1335.788464160647,1329.2093387364785
TR-045564,2025-10-16,2804.49,2691.3277021862305,2668.9478018454506,2713.7076025270107,2692.97892278163
TR-045565,2025-10-16,775.09,762.6891765302329,751.3136329509593,774.0647201095064,764.0782623159957
TR-045566,2025-10-16,2038.75,2103.367765985122,2145.4137912923966,2061.3217406778476,2104.4785786916127
TR-045567,2025-10-16,2112.34,2168.2391773017634,2190.377940021481,2146.1004145820452,2182.5925124237065
TR-045568,2025-10-16,844.26,851.7311376709326,852.8177271592826,850.6445481825826,845.863050747748
TR-045569,2025-10-16,4419.63,4462.549864806828,4421.596248014678,4503.503481598978,4467.608066428227
TR-045570,2025-10-16,824.68,831.5435088275597,829.181978185942,833.9050394691775,833.4254723389715
TR-045571,2025-10-16,744.62,743.4850844390224,748.0098959387644,738.9602729392805,746.0204488287904
TR-045572,2025-10-16,4012.16,3897.725817544896,3890.444488761755,3905.0071463280365,3904.4269125705205
TR-045573,2025-10-16,346.4,350.22839483792274,346.7286179978009,353.7281716780446,352.99218594954687
TR-045574,2025-10-16,1766.71,1834.337131286196,1832.3987980771872,1836.2754644952047,1840.5442194362467
TR-045575,2025-10-16,4234.65,4199.660107624421,4223.321420219665,4175.998795029177,4208.351339689778
TR-045576,2025-10-16,5590.92,5638.7524476503095,5691.610996819851,5585.893898480767,5637.945909749989
TR-045577,2025-10-16,2634.88,2704.930930137679,2697.055730288344,2712.8061299870137,2702.120203843432
TR-045578,2025-10-16,2230.38,2266.867994762428,2229.377788352142,2304.3582011727144,2277.00064957849
TR-045579,2025-10-16,2199.79,2238.3215605276746,2239.023725012492,2237.6193960428573,2249.34809558433
TR-045580,2025-10-16,2405.29,2365.8224132204027,2381.46391524718,2350.1809111936254,2374.928392053616
TR-045581,2025-10-16,1577.84,1588.6592944536965,1625.5510543132866,1551.7675345941063,1593.4549615812998
TR-045582,2025-10-16,1712.65,1763.6262661108199,1762.6360308107428,1764.616501410897,1773.9302563312847
TR-045583,2025-10-16,4672.68,4744.667536552447,4745.146207118068,4744.188865986826,4765.245384414547
TR-045584,2025-10-16,3402.06,3363.7197254921575,3348.136823598262,3379.3026273860532,3355.5014454228385
TR-045585,2025-10-16,982.74,1015.9606391199572,1030.547420293946,1001.3738579459684,1015.5462336333208
TR-045586,2025-10-16,3907.67,3849.123250163695,3838.8875908302157,3859.358909497175,3854.9191408966744
TR-045587,2025-10-16,3578.71,3543.0177486831476,3566.971567210679,3519.063930155616,3551.5755900351705
TR-045588,2025-10-16,526.8,536.5036423613228,535.3932917363018,537.6139929863438,537.6404945708988
TR-045589,2025-10-16,2240.17,2288.555465887486,2282.747445423824,2294.3634863511484,2283.7234217203645
TR-045590,2025-10-16,894.4,890.983705193678,895.0803197639232,886.8870906234329,891.8800249161326
TR-045591,2025-10-16,1466.32,1463.4154764488035,1455.5431351238058,1471.2878177738012,1466.090988220411
TR-045592,2025-10-16,2998.13,2986.5690990354033,3016.276443665493,2956.861754405313,2989.718178844107
TR-045593,2025-10-16,3282.86,3273.9203369026995,3281.2772116753868,3266.5634621300123,3291.1675282304814
TR-045594,2025-10-16,1565.23,1579.8691274204261,1570.51969501201,1589.2185598288422,1578.8426186459142
TR-045595,2025-10-16,1293.67,1296.888915227749,1304.974484053336,1288.803346402162,1289.5275708844683
TR-045596,2025-10-16,2280.97,2296.6857768870955,2264.9524055158827,2328.4191482583083,2292.286161639974
TR-045597,2025-10-16,4050.73,4082.676584146717,4124.576092081765,4040.7770762116693,4083.99875592642
TR-045598,2025-10-16,1943.56,1924.524894400774,1892.2632255933163,1956.7865632082314,1933.7325370789745
TR-045599,2025-10-16,2508.13,2590.553426815057,2607.3866103098585,2573.7202433202547,2588.0334197778357
TR-045600,2025-10-16,2645.34,2686.0117847723386,2708.4686800578215,2663.5548894868552,2699.7200863269622
TR-045601,2025-10-16,1373.58,1370.724784705783,1371.2089385703125,1370.2406308412535,1371.928890376119
TR-045602,2025-10-16,4123.96,4141.051625062621,4168.877460363763,4113.225789761479,4129.472972408229
TR-045603,2025-10-16,2908.31,3006.751586776305,2980.36856675313,3033.13460679948,3014.730454298022
TR-045604,2025-10-16,5943.04,5842.343020521507,5814.546474143538,5870.139566899476,5831.575439881601
TR-045605,2025-10-16,1439.58,1393.1507938992568,1391.352462126455,1394.9491256720587,1401.116226241875
TR-045606,2025-10-16,3399.37,3381.9242196396585,3369.0871455523375,3394.7612937269796,3390.8061973411614
TR-045607,2025-10-16,3365.36,3335.3625480058263,3344.698145112718,3326.026950898935,3353.1580251742616
TR-045608,2025-10-16,1831.06,1850.1598401572037,1859.0436769075147,1841.2760034068924,1852.0080270030871
TR-045609,2025-10-16,2872.8,2837.491119835317,2808.8537092298016,2866.1285304408325,2834.538287033499
TR-045610,2025-10-16,1702.65,1738.8903185593667,1783.840409217457,1693.9402279012766,1734.9364906805656
TR-045611,2025-10-16,6537.96,6666.7348609057435,6712.893645727038,6620.576076084449,6664.096944318585
TR-045612,2025-10-16,2422.06,2362.645535654431,2339.33122078725,2385.9598505216118,2358.7077333112047
TR-045613,2025-10-16,4957.77,4859.000225434878,4818.615444636574,4899.385006233183,4851.35325515727
TR-045614,2025-10-16,493.78,499.068772812984,499.64557892850917,498.4919666974588,492.73342281000924
TR-045615,2025-10-16,593.16,575.9372582805701,574.039068280494,577.8354482806461,579.6558638952786
TR-045616,2025-10-16,3170.07,3159.3956869995195,3118.9583152028695,3199.8330587961696,3148.977718510664
TR-045617,2025-10-16,5957.95,6006.821316222616,6020.453999006325,5993.188633438906,6066.470658231139
TR-045618,2025-10-16,1935.21,1943.7430477511691,1943.9909555074037,1943.4951399949346,1953.4859704227283
TR-045619,2025-10-16,2060.21,2157.6054986850177,2169.1066046983337,2146.1043926717016,2153.1145600860414
TR-045620,2025-10-16,1420.06,1421.9129721158756,1419.0296135152664,1424.7963307164846,1425.3615520565368
TR-045621,2025-10-16,490.27,527.2902232348399,545.8397708602567,508.7406756094231,526.3497417076313
TR-045622,2025-10-16,4207.76,4044.1433818912374,4082.07379823224,4006.2129655502345,4042.2789301164803
TR-045623,2025-10-16,866.23,878.6678767799808,882.7762533177826,874.559500242179,878.4463027412849
TR-045624,2025-10-16,2427.7,2406.046973943001,2406.523296656376,2405.5706512296256,2408.8951083697584
TR-045625,2025-10-16,1659.56,1760.403868485952,1808.2784049355087,1712.5293320363953,1745.7012572870356
TR-045626,2025-10-16,3476.97,3532.2984938349814,3539.7733225672846,3524.823665102678,3523.883852667652
TR-045627,2025-10-16,2795.92,2854.324759086235,2845.646206371188,2863.0033118012825,2856.624215897126
TR-045628,2025-10-16,575.03,566.1313464520117,563.7141982254095,568.548494678614,567.8763292628773
TR-045629,2025-10-16,2501.49,2434.0640130964475,2454.292997067811,2413.8350291250836,2435.3536129323875
TR-045630,2025-10-16,2283.52,2259.563519542934,2249.7401517545595,2269.386887331309,2264.9550477143302
TR-045631,2025-10-16,1698.24,1767.634252486731,1808.9820511601383,1726.2864538133235,1765.2008734700105
TR-045632,2025-10-16,2002.19,2005.1085573020218,2006.9920157273152,2003.2250988767282,1999.0748058530876
TR-045633,2025-10-16,872.98,883.9997663517852,899.2592391479715,868.740293555599,884.3025087282163
TR-045634,2025-10-16,4021.52,4000.3304964355284,4015.134003791029,3985.5269890800278,4007.571656071659
TR-045635,2025-10-16,1937.24,1953.5354702574207,1953.8693769932297,1953.2015635216117,1954.717715176112
TR-045636,2025-10-16,5322.9,5190.653251670759,5227.000923718527,5154.305579622992,5210.394049139193
TR-045637,2025-10-17,2934.77,2936.5600314444055,2923.7243324081387,2949.3957304806727,2941.2564353406724
TR-045638,2025-10-17,1157.63,1150.0888279853384,1161.0462784134481,1139.131377557229,1150.6289912815291
TR-045639,2025-10-17,1745.48,1849.1782743287622,1876.1953851005533,1822.1611635569714,1846.0065587556346
TR-045640,2025-10-17,1076.4,1063.5948990939546,1067.101159129076,1060.0886390588335,1058.907951568242
TR-045641,2025-10-17,3352.03,3272.245013507596,3290.9544072038725,3253.5356198113195,3269.1808871520107
TR-045642,2025-10-17,648.83,653.7849222080997,660.1530694100151,647.4167750061843,652.5685640546544
TR-045643,2025-10-17,1447.57,1456.0293355271424,1474.7006900287104,1437.3579810255744,1454.1988829099037
TR-045644,2025-10-17,541.72,521.5554867180191,522.6322944591536,520.4786789768846,524.3179273589178
TR-045645,2025-10-17,5577.71,5525.591927403035,5568.820495859667,5482.363358946403,5525.751737555669
TR-045646,2025-10-17,2834.23,2886.7637705708576,2859.717177923693,2913.810363218022,2893.17847429785
TR-045647,2025-10-17,2376.9,2377.9396621249525,2385.1895562715413,2370.6897679783633,2376.603888946783
TR-045648,2025-10-17,2509.96,2480.25051076304,2453.4181073222676,2507.0829142038124,2482.469406850464
TR-045649,2025-10-17,1269.3,1280.9029785522143,1290.1130135839594,1271.692943520469,1272.2662547429043
TR-045650,2025-10-17,2140.85,2157.443610523815,2146.930626698552,2167.9565943490784,2161.882727142741
TR-045651,2025-10-17,2165.47,2116.442883216071,2122.772085346395,2110.113681085747,2116.9378076806597
TR-045652,2025-10-17,2842.26,2812.426504117024,2802.134272297369,2822.7187359366785,2809.274456424041
TR-045653,2025-10-17,4069.8,4094.6412793189293,4151.395913645615,4037.8866449922434,4090.9155599823466
TR-045654,2025-10-17,2598.14,2575.535926726191,2595.535306871933,2555.5365465804493,2568.9399911951878
TR-045655,2025-10-17,2221.49,2230.8198834724717,2272.925626869213,2188.71414007573,2232.597871754266
TR-045656,2025-10-17,963.31,979.9046491630222,975.9806387664976,983.8286595595468,981.2815868176651
TR-045657,2025-10-17,2654.3,2711.851531873471,2741.918404381061,2681.78465936588,2706.0737769992793
TR-045658,2025-10-17,879.55,874.2411142572284,900.762494222809,847.719734291648,866.6073666448553
TR-045659,2025-10-17,386.46,393.72800969782213,393.3710146307573,394.085004764887,398.6323965305388
TR-045660,2025-10-17,364.34,363.0993240955195,367.15223390233814,359.0464142887009,363.5385245952728
TR-045661,2025-10-17,1237.58,1261.2975059000387,1260.6574194673651,1261.9375923327125,1265.0073767089957
TR-045662,2025-10-17,2734.03,2746.8792507133785,2754.695426852268,2739.0630745744884,2743.6440520279048
TR-045663,2025-10-17,1625.19,1640.9009935501408,1626.5172670873314,1655.2847200129504,1645.554407812274
TR-045664,2025-10-17,4336.71,4444.703831277851,4548.620896728369,4340.786765827333,4486.059589106528
TR-045665,2025-10-17,5312.61,5421.519333946719,5514.3410176592015,5328.697650234235,5406.315032935137
TR-045666,2025-10-17,202.77,220.48332556344354,230.17485259029942,210.79179853658766,219.49570028979682
TR-045667,2025-10-17,999.21,1000.0892080757914,1008.5571570827909,991.6212590687918,1000.7145715129096
TR-045668,2025-10-17,5050.06,5160.888246176468,5208.3958803626565,5113.380611990279,5142.877344805391
TR-045669,2025-10-17,2865.83,2847.76473351575,2838.2664666638448,2857.2630003676545,2839.3074304645006
TR-045670,2025-10-17,5504.19,5455.090942330287,5477.467618317717,5432.7142663428585,5465.260277622121
TR-045671,2025-10-17,865.48,869.245991971103,882.6287199914041,855.863263950802,866.8880111477715
TR-045672,2025-10-17,2109.8,2166.312115925296,2200.809394754432,2131.81483709616,2160.5008169485427
TR-045673,2025-10-17,2696.52,2582.7018803515675,2604.2639099966473,2561.1398507064882,2582.3432439030794
TR-045674,2025-10-17,4273.32,4214.293793701359,4255.920486098723,4172.667101303996,4200.463688496659
TR-045675,2025-10-17,2457.47,2583.9909362427825,2616.3205568182625,2551.661315667303,2607.113109177154
TR-045676,2025-10-17,3051.07,3052.4028133488414,3053.834033643153,3050.97159305453,3051.6555157367134
TR-045677,2025-10-17,3982.98,4166.409550726916,4248.431679594133,4084.387421859698,4154.040893320066
TR-045678,2025-10-17,1498.32,1466.4600623282777,1471.2144608467038,1461.7056638098516,1465.0883812528368
TR-045679,2025-10-17,547.06,540.1207957597364,540.0744236765198,540.1671678429532,543.4442889112128
TR-045680,2025-10-17,2254.76,2255.3864046384897,2278.0152274166044,2232.7575818603755,2255.7148138261164
TR-045681,2025-10-17,2056.91,2002.8115368241833,1966.439164171299,2039.183909477068,2015.493110304329
TR-045682,2025-10-17,4336.63,4349.538008294765,4383.417411002687,4315.658605586842,4314.681186210284
TR-045683,2025-10-17,4383.55,4456.737318970816,4519.982385043062,4393.492252898569,4451.848164201849
TR-045684,2025-10-17,3472.23,3521.9507286353883,3518.149601639359,3525.751855631418,3519.131014443242
TR-045685,2025-10-17,809.61,820.0260876002075,825.2752063366606,814.7769688637543,820.091857182317
TR-045686,2025-10-17,827.55,845.7282124319986,849.0161288306779,842.4402960333194,839.9609631069125
TR-045687,2025-10-17,4128.64,4152.742684480967,4164.475292028855,4141.01007693308,4136.2882723887815
TR-045688,2025-10-17,464.57,452.3547838412486,448.60070854840166,456.10885913409555,454.61116330332834
TR-045689,2025-10-17,1598.45,1594.2575358396548,1591.0541357344928,1597.4609359448168,1605.51232369919
TR-045690,2025-10-17,2284.08,2317.0738523981026,2338.798609372442,2295.349095423763,2325.617457582117
TR-045691,2025-10-17,3177.81,3117.7709607383385,3126.0226806622345,3109.519240814443,3120.672257746141
TR-045692,2025-10-17,4681.46,4687.308755405764,4679.443130384921,4695.174380426607,4656.78640438468
TR-045693,2025-10-17,1113.75,1115.291958642134,1124.0555323323015,1106.5283849519662,1120.4983687064396
TR-045694,2025-10-17,822.84,840.2784259817644,844.9686589140791,835.5881930494496,837.577447305164
TR-045695,2025-10-17,1929.6,1955.0425448716476,1969.1752629386815,1940.9098268046137,1954.6036885382953
TR-045696,2025-10-17,2504.83,2507.6520200608848,2498.4726091435423,2516.831430978227,2501.0805937059763
TR-045697,2025-10-17,1012.02,1007.9099912388592,1023.7091450648616,992.110837412857,1013.2320090902731
TR-045698,2025-10-17,1308.89,1313.0427179738058,1349.5496643728338,1276.5357715747775,1319.290630515543
TR-045699,2025-10-17,1386.72,1400.8318884920927,1398.0372459245966,1403.626531059589,1401.6783194986263
TR-045700,2025-10-17,4231.34,4209.777417690812,4194.908044413002,4224.646790968623,4214.563944373829
TR-045701,2025-10-17,6710.48,6531.567893366702,6437.817099395715,6625.31868733769,6534.080615447458
TR-045702,2025-10-17,1752.03,1743.0745363226663,1782.0564015926025,1704.09267105273,1744.6108651390186
TR-045703,2025-10-17,3486.21,3442.4000496989183,3471.1206797805075,3413.6794196173296,3428.804333005624
TR-045704,2025-10-17,2490.63,2497.310521895601,2539.1828345277527,2455.4382092634496,2502.6067297267873
TR-045705,2025-10-17,680.72,673.3803812504382,675.8359937878301,670.9247687130463,675.7610347091274
TR-045706,2025-10-17,3870.41,3854.9339794403113,3898.624245381336,3811.243713499287,3871.734277907115
TR-045707,2025-10-17,1335.72,1313.3995553202562,1310.4380868057722,1316.3610238347403,1320.1643225498524
TR-045708,2025-10-17,4001.14,4032.3136160402814,4034.19996923707,4030.427262843493,4039.9298716265366
TR-045709,2025-10-17,1977.36,2000.5997563933042,1974.237561610914,2026.9619511756946,2013.5532514591273
TR-045710,2025-10-17,3725.37,3671.750841176057,3674.7568937720416,3668.744788580072,3660.4300248259933
TR-045711,2025-10-17,903.02,905.7400042137475,903.406697441068,908.073310986427,909.3005500142614
TR-045712,2025-10-17,2771.19,2789.371502765345,2829.4758624163846,2749.2671431143053,2773.716326386061
TR-045713,2025-10-17,3449.99,3607.783201929058,3569.7732526409727,3645.793151217144,3595.6203976004686
TR-045714,2025-10-17,630.36,619.1543367554755,626.1248332408361,612.1838402701147,618.9550500444434
TR-045715,2025-10-17,553.35,575.9336815903714,590.3836495921532,561.4837135885897,575.8110371727985
TR-045716,2025-10-17,1231.89,1255.6162763963566,1251.8419377034556,1259.3906150892576,1256.7393664246908
TR-045717,2025-10-17,2460.65,2495.1666459611415,2526.954352745353,2463.3789391769296,2499.623513254628
TR-045718,2025-10-17,4374.08,4471.813700376035,4417.900744187113,4525.726656564957,4457.372893743248
TR-045719,2025-10-17,1464.75,1486.729001542857,1504.0295635580092,1469.4284395277048,1488.0509730917493
TR-045720,2025-10-17,1088.41,1098.768407940082,1098.2335735121433,1099.3032423680208,1102.1979193978336
TR-045721,2025-10-17,3828.5,3825.704253776861,3812.3173771939278,3839.0911303597945,3829.1559909878097
TR-045722,2025-10-17,4531.93,4509.747152736751,4486.491475127711,4533.00283034579,4508.21353024398
TR-045723,2025-10-17,3694.07,3612.1698483376167,3620.561902409054,3603.777794266179,3616.1458321000973
TR-045724,2025-10-17,1079.1,1045.2978121394103,1061.520707761013,1029.0749165178074,1039.7056158623504
TR-045725,2025-10-17,2126.09,2134.214880767907,2154.0774007221257,2114.3523608136884,2140.489327425939
TR-045726,2025-10-17,1340.2,1349.2109043314108,1338.718924860918,1359.702883801904,1348.693778830099
TR-045727,2025-10-17,3342.36,3324.832563781678,3314.119519339967,3335.545608223389,3334.787316048941
TR-045728,2025-10-17,807.25,838.4869092540656,856.0492371060071,820.9245814021241,832.775454920297
TR-045729,2025-10-17,1711.02,1663.1601071827336,1657.7884232580611,1668.531791107406,1661.1565946782648
TR-045730,2025-10-17,4029.11,4089.2067424409365,4112.656381168355,4065.7571037135176,4075.914325275784
TR-045731,2025-10-17,1821.47,1759.1994399675825,1762.1319758963411,1756.266904038824,1769.916308037249
TR-045732,2025-10-17,2502.01,2455.88380491959,2432.7731379467145,2478.9944718924658,2460.4651747109624
TR-045733,2025-10-17,6390.2,6431.163388844983,6428.817699280046,6433.50907840992,6450.214234803123
TR-045734,2025-10-17,2466.55,2534.2619957530956,2533.705856792878,2534.818134713313,2532.645482260007
TR-045735,2025-10-17,4829.39,4811.487539603526,4840.412467438695,4782.562611768356,4816.549787201673
TR-045736,2025-10-17,5275.11,5222.039284546274,5277.401737282155,5166.676831810391,5232.806506597977
TR-045737,2025-10-17,362.78,327.79767473550885,303.4759259150853,352.11942355593237,333.7812758633094
TR-045738,2025-10-17,5336.8,5253.96692370764,5330.906928039444,5177.026919375836,5244.872826697956
TR-045739,2025-10-17,1324.44,1285.0328281407947,1304.3794586964138,1265.6861975851753,1275.9093741676058
TR-045740,2025-10-17,2204.45,2202.952618388422,2195.995737935835,2209.909498841009,2193.529691015039
TR-045741,2025-10-17,2015.32,1972.5802103129495,1966.4462992141343,1978.7141214117646,1980.044992655783
TR-045742,2025-10-17,1034.75,1053.1778323520593,1072.533338512755,1033.8223261913636,1053.5941592272088
TR-045743,2025-10-17,3770.27,3855.980092128345,3809.511662646302,3902.4485216103876,3864.8411284288586
TR-045744,2025-10-17,3934.36,3971.658891069421,3966.919339050476,3976.398443088365,3968.535020831928
TR-045745,2025-10-17,947.22,927.8784421007404,933.8141147875729,921.9427694139079,925.3102966981068
TR-045746,2025-10-17,972.26,985.7025798190484,1008.9811608760673,962.4239987620294,983.7038336479247
TR-045747,2025-10-17,1170.45,1156.2449897369331,1160.4357275066222,1152.054251967244,1153.203669305396
TR-045748,2025-10-17,1779.6,1786.8553724402702,1791.5975332923942,1782.1132115881462,1780.2909060098368
TR-045749,2025-10-17,3910.77,3953.207667743031,3941.925872925269,3964.489462560793,3945.9915337980387
TR-045750,2025-10-17,2935.66,2907.1217235809995,2897.497934351548,2916.745512810451,2917.613678512832
TR-045751,2025-10-17,698.47,698.6221558587882,688.8146942242248,708.4296174933517,696.0444821702888
TR-045752,2025-10-17,1033.08,1097.482156454501,1097.238887680443,1097.7254252285586,1095.9788300132616
TR-045753,2025-10-17,1237.01,1238.9734379599859,1226.0671984992964,1251.8796774206755,1241.5170149355831
TR-045754,2025-10-17,1137.75,1129.1573709174831,1132.1575101392486,1126.1572316957177,1127.9413406865856
TR-045755,2025-10-17,4525.16,4443.626156078653,4470.884908774946,4416.367403382362,4444.2846379608345
TR-045756,2025-10-17,227.6,236.25551165757355,238.9462406444018,233.56478267074527,234.45280689171486
TR-045757,2025-10-17,996.46,1003.6314952197363,1023.9899714852281,983.2730189542445,999.6608058208767
TR-045758,2025-10-17,1476.89,1536.2950686939423,1573.6778795611758,1498.9122578267088,1534.5146298856664
TR-045759,2025-10-17,1844.12,1862.784124505737,1888.47290621086,1837.095342800614,1858.0389596435175
TR-045760,2025-10-17,2537.26,2530.2079156673694,2500.3858656825623,2560.0299656521765,2532.2954130006465
TR-045761,2025-10-17,1209.72,1206.1286163149991,1213.0622864766258,1199.1949461533725,1206.6697321468703
TR-045762,2025-10-17,2009.57,2043.4213438110767,2051.9103304295922,2034.932357192561,2047.537867321569
TR-045763,2025-10-17,3517.71,3497.752095253475,3581.00164049768,3414.50255000927,3520.436394394004
TR-045764,2025-10-17,3777.92,3768.9005638209037,3776.8245786017756,3760.976549040032,3788.3822260846327
TR-045765,2025-10-17,1909.16,1919.14957853496,1911.9153562791855,1926.3838007907345,1927.001935162681
TR-045766,2025-10-17,2410.85,2459.5381847946464,2464.7820743174125,2454.294295271881,2458.72226583652
TR-045767,2025-10-17,4640.16,4696.1761233616235,4707.504597084218,4684.847649639029,4691.277156030953
TR-045768,2025-10-17,2209.46,2272.3799903862264,2305.6828006460005,2239.077180126452,2266.2500690873103
TR-045769,2025-10-17,1045.45,1016.0377992244814,1024.4343573363215,1007.6412411126415,1017.7351001392187
TR-045770,2025-10-17,1320.24,1344.1080073924265,1343.7862658763247,1344.4297489085284,1340.9367124780024
TR-045771,2025-10-17,1344.65,1373.506216028663,1385.7266453120894,1361.2857867452365,1372.4962529064724
TR-045772,2025-10-17,1947.07,1894.0720140018902,1908.0771756426802,1880.0668523611002,1904.3733551726682
TR-045773,2025-10-17,5009.39,5195.705246397304,5214.639955030648,5176.77053776396,5195.643927648693
TR-045774,2025-10-17,2389.43,1033.9561275811748,1043.601969805761,1024.3102853565886,1039.551306666854
TR-045775,2025-10-17,1500.92,1488.5162020219377,1495.9119329166979,1481.1204711271776,1493.3599266123722
TR-045776,2025-10-17,813.53,834.3115108305832,843.7209896841113,824.9020319770551,835.599327218658
TR-045777,2025-10-17,1257.8,1255.5010223105846,1275.2919344862332,1235.710110134936,1250.3306566775468
TR-045778,2025-10-17,1759.5,1811.6935492755247,1859.0894958075203,1764.297602743529,1818.3529520475574
TR-045779,2025-10-17,1533.53,1520.2513330914717,1515.8043414933443,1524.698324689599,1525.0349996055106
TR-045780,2025-10-17,210.54,236.1547846964756,245.56475382477163,226.74481556817958,239.09684831400992
TR-045781,2025-10-17,1509.14,1556.3714031878271,1562.7255872590754,1550.0172191165786,1554.893487162858
TR-045782,2025-10-17,1061.38,1060.5641018811816,1060.7987905596738,1060.3294132026892,1060.3020287181043
TR-045783,2025-10-17,3602.47,3677.8555244863364,3759.052699176434,3596.6583497962383,3690.1787043994527
TR-045784,2025-10-17,4410.79,4525.244055588572,4582.82390840411,4467.664202773035,4558.653186340851
TR-045785,2025-10-17,1367.68,1356.9117678249063,1369.357758071703,1344.4657775781097,1353.680574356912
TR-045786,2025-10-17,5467.05,5494.228573936675,5523.596646154241,5464.860501719109,5515.39885981238
TR-045787,2025-10-17,3826.18,3827.4480771113067,3914.2446691271584,3740.6514850954545,3828.2537903213847
TR-045788,2025-10-17,1300.9,1340.2486731814843,1351.9266033571957,1328.570743005773,1343.8896440994176
TR-045789,2025-10-17,4254.3,4248.010147227937,4287.036129633514,4208.98416482236,4223.487840079473
TR-045790,2025-10-17,2751.34,2739.045723995716,2763.775855611461,2714.315592379971,2735.783495591744
TR-045791,2025-10-17,3973.88,4043.4945011566506,4081.1626406410755,4005.826361672226,4063.7041384626855
TR-045792,2025-10-17,1761.45,1762.1831682060956,1785.8479035720356,1738.5184328401554,1774.399068486863
TR-045793,2025-10-17,2279.98,2295.5812170853324,2337.4518844055656,2253.710549765099,2298.556642760563
TR-045794,2025-10-17,2139.64,2168.584986563729,2195.0127938598353,2142.157179267623,2160.7877681459795
TR-045795,2025-10-17,3055.6,3071.284237897859,3087.6077927664987,3054.960683029219,3074.420810106677
TR-045796,2025-10-17,2697.72,2825.0861476534255,2883.276032848618,2766.8962624582327,2833.1230090363897
TR-045797,2025-10-17,1495.93,1499.7143950527866,1502.3921514389995,1497.0366386665735,1502.6445258129993
TR-045798,2025-10-17,2362.74,2349.2587695366265,2340.3651658485314,2358.152373224721,2353.5363082053955
TR-045799,2025-10-17,2626.92,2637.6643164055813,2655.088672833423,2620.239959977739,2642.9621689868754
TR-045800,2025-10-17,2855.35,2845.924088599776,2841.8771360019978,2849.971041197554,2840.1417933396606
TR-045801,2025-10-17,2661.21,2752.019055057326,2791.9790907564816,2712.0590193581706,2733.1204976696345
TR-045802,2025-10-17,3838.53,3753.780718544067,3778.5159355065107,3729.0455015816233,3746.180303378534
TR-045803,2025-10-17,3144.54,3213.419655482549,3208.4022696705165,3218.4370412945814,3216.6339621396546
TR-045804,2025-10-17,1270.25,1303.9304656186723,1328.779206426831,1279.0817248105134,1304.800580563875
TR-045805,2025-10-17,4970.65,4907.625179151675,4946.424672224734,4868.825686078617,4898.626432745856
TR-045806,2025-10-17,859.09,856.7486190271386,863.4575722322293,850.039665822048,855.3197983267737
TR-045807,2025-10-17,1274.46,1268.026775223956,1254.8486650818268,1281.2048853660854,1266.3904477012275
TR-045808,2025-10-17,2301.55,2399.9695959400888,2436.6226951801955,2363.316496699982,2403.21571039479
TR-045809,2025-10-17,1243.9,1231.4473556591379,1237.1013985776676,1225.7933127406084,1233.952634697152
TR-045810,2025-10-17,1302.32,1288.4074646924246,1284.806111644627,1292.008817740222,1293.310075565886
TR-045811,2025-10-17,2040.75,2110.391824756508,2109.734391360681,2111.049258152335,2106.999811955554
TR-045812,2025-10-17,1921.54,1870.9446451748713,1844.298649619219,1897.5906407305235,1877.822683025116
TR-045813,2025-10-17,4167.75,4204.614074704959,4199.718270630971,4209.509878778947,4186.983685008514
TR-045814,2025-10-17,1124.2,1095.4069261399015,1103.7530632196517,1087.0607890601514,1093.7856776646317
TR-045815,2025-10-17,2067.51,2159.2561928516207,2165.372691565735,2153.139694137506,2155.1483085548202
TR-045816,2025-10-17,932.49,943.1217991982165,958.999493484155,927.2441049122781,941.80933976801
TR-045817,2025-10-17,3953.94,3963.624940252292,3995.838354591145,3931.411525913439,3974.198129571545
TR-045818,2025-10-18,4999.35,5112.578715036372,5132.3778791775485,5092.779550895197,5087.587992925993
TR-045819,2025-10-18,829.78,812.6165239195525,820.5891802017298,804.6438676373753,811.7140885349253
TR-045820,2025-10-18,9522.01,1934.7586030331809,1922.4218515616649,1947.0953545046966,1934.6663380310517
TR-045821,2025-10-18,1375.14,1408.1605737820119,1421.7322409480573,1394.5889066159666,1402.168875370557
TR-045822,2025-10-18,1133.66,1147.7075953578183,1175.958498458367,1119.4566922572692,1136.9085998019204
TR-045823,2025-10-18,4705.33,4732.351143428865,4882.272380088037,4582.429906769693,4701.632374104367
TR-045824,2025-10-18,958.53,930.7791188900795,937.7009008193071,923.857336960852,930.2816270030415
TR-045825,2025-10-18,1543.23,1562.1223397925046,1600.0666178759025,1524.1780617091065,1561.2909959581518
TR-045826,2025-10-18,4131.85,4231.116486702945,4226.135326267839,4236.09764713805,4205.900704546723
TR-045827,2025-10-18,1552.35,1559.0817143638792,1563.6466164183325,1554.5168123094259,1552.8334304871962
TR-045828,2025-10-18,1810.99,1794.1416442684942,1812.2818675017265,1776.001421035262,1793.3212811193284
TR-045829,2025-10-18,3685.75,3656.8270018724334,3711.195553093899,3602.4584506509673,3656.7151167060247
TR-045830,2025-10-18,1859.19,1958.8786799926697,1996.8554554005311,1920.9019045848086,1948.4211594441576
TR-045831,2025-10-18,989.63,1007.2878660913901,1007.2470637344824,1007.3286684482979,998.9950676877447
TR-045832,2025-10-18,349.49,335.34694530001593,334.0907451850265,336.60314541500543,341.3247049255143
TR-045833,2025-10-18,574.16,575.1437336201195,572.4606506679852,577.826816572254,575.0938389157523
TR-045834,2025-10-18,700.21,3170.716154232401,3257.657938780553,3083.7743696842495,3165.2617714776798
TR-045835,2025-10-18,1631.71,1523.5396178420804,1544.1721795171031,1502.9070561670576,1522.961017831568
TR-045836,2025-10-18,2362.92,2418.1196990622716,2471.667186978591,2364.572211145952,2415.267860531985
TR-045837,2025-10-18,2972.51,3020.9390354286734,3048.5897553155023,2993.288315541845,3003.246224547719
TR-045838,2025-10-18,2699.51,2619.3785640748592,2645.3687146747634,2593.3884134749555,2613.6739353228677
TR-045839,2025-10-18,1862.45,1912.0475162674127,1931.6030072457015,1892.4920252891238,1900.7433193421823
TR-045840,2025-10-18,3476.91,3495.1913499329285,3505.354126279725,3485.0285735861316,3488.1655949407655
TR-045841,2025-10-18,1989.36,2007.928171915415,2025.3099730373585,1990.5463707934714,2004.230039878119
TR-045842,2025-10-18,3523.42,3637.5955636191434,3690.7909137428574,3584.4002134954294,3631.083980777521
TR-045843,2025-10-18,5068.46,5152.3053335456025,5172.275048915448,5132.335618175758,5104.4148086259065
TR-045844,2025-10-18,3163.53,3278.3615136762323,3285.57659416375,3271.1464331887146,3259.2882119050073
TR-045845,2025-10-18,988.77,1011.3345054377156,1017.4879176504184,1005.1810932250129,1004.618937073639
TR-045846,2025-10-18,1695.2,1711.8082484843503,1735.8759442313885,1687.7405527373123,1707.198470617488
TR-045847,2025-10-18,3057.31,2986.800771804243,2972.661833226483,3000.9397103820033,2962.285517492197
TR-045848,2025-10-18,5815.43,5825.523565510013,5917.107171902974,5733.939959117051,5799.698109641722
TR-045849,2025-10-18,606.41,636.4798539284034,648.1868885372494,624.7728193195572,632.4848158975462
TR-045850,2025-10-18,5044.57,5120.340725677357,5133.254343820875,5107.427107533839,5120.400630988149
TR-045851,2025-10-18,3991.46,4147.517757595849,4201.082416227447,4093.9530989642512,4128.672516310186
TR-045852,2025-10-18,3036.3,3145.8443821336805,3210.484480693404,3081.204283573957,3130.3998329187325
TR-045853,2025-10-18,1812.84,1831.3365289307221,1854.0940158261103,1808.579042035334,1820.707381145372
TR-045854,2025-10-18,2071.63,2077.0304118988906,2098.978750023087,2055.082073774694,2066.4034497504663
TR-045855,2025-10-18,4768.65,4714.80224828682,4742.228520132763,4687.375976440877,4683.616089974301
TR-045856,2025-10-18,932.39,972.8988416026691,982.0796807615017,963.7180024438367,967.3709782577088
TR-045857,2025-10-18,1012.6,1078.0817826994203,1097.3848219582178,1058.7787434406227,1076.7143868779585
TR-045858,2025-10-18,2550.35,2637.191705768753,2627.2532067473276,2647.130204790178,2626.7209938196743
TR-045859,2025-10-18,2116.33,2144.8338626664245,2144.067826644381,2145.5998986884683,2143.126016168149
TR-045860,2025-10-18,1990.99,2111.8445961179978,2159.5272861280564,2064.1619061079396,2092.411883762654
TR-045861,2025-10-18,5111.47,5173.18087878884,5183.182636090054,5163.179121487627,5162.827867475305
TR-045862,2025-10-18,4486.54,4368.101418984014,4517.613426799386,4218.589411168643,4373.824465471136
TR-045863,2025-10-18,3787.48,3661.11959899435,3670.652954719123,3651.5862432695767,3638.2362177291925
TR-045864,2025-10-18,1244.28,1222.4805363827036,1226.7563430683415,1218.2047296970659,1224.2777042591674
TR-045865,2025-10-18,1140.72,1160.3226494573692,1166.4325578293897,1154.2127410853489,1155.336780374461
TR-045866,2025-10-18,1743.16,1801.5786687700033,1789.4997454777845,1813.657592062222,1803.9706905979206
TR-045867,2025-10-18,3491.03,3537.6443329081676,3526.080815307973,3549.207850508362,3510.2442012227384
TR-045868,2025-10-18,1006.04,1002.9321323593069,1021.7651990349302,984.0990656836835,1002.6099194359638
TR-045869,2025-10-18,1170.58,1171.3656233681795,1180.3473106039298,1162.3839361324292,1167.510232247808
TR-045870,2025-10-18,4885.38,4928.51350792848,4949.073718702122,4907.953297154838,4908.711090975693
TR-045871,2025-10-18,1386.64,1439.94727295351,1431.8303211818254,1448.0642247251944,1436.5954103350414
TR-045872,2025-10-18,1225.41,1240.501894009971,1240.9690621822533,1240.0347258376887,1238.4755773346565
TR-045873,2025-10-18,1781.79,1805.229666284211,1806.6730494484696,1803.786283119952,1810.1805597726898
TR-045874,2025-10-18,2723.7,2800.458183660703,2808.6424072775726,2792.273960043833,2796.0310770323567
TR-045875,2025-10-18,3299.18,3392.0923671211003,3432.4109593075027,3351.7737749346984,3385.7588105716795
TR-045876,2025-10-18,786.48,793.1321884070107,798.6188020301508,787.6455747838708,784.4757120747546
TR-045877,2025-10-18,1410.96,1470.8064464750425,1490.692762069577,1450.9201308805082,1450.2319871084492
TR-045878,2025-10-18,1219.83,1224.256730242111,1243.4448445128787,1205.0686159713432,1228.2958836922344
TR-045879,2025-10-18,2913.25,2890.6820441233535,2917.784545738546,2863.579542508161,2880.0715221104474
TR-045880,2025-10-18,1561.35,1504.5440863789258,1521.263112381942,1487.82506037591,1497.977717042812
TR-045881,2025-10-18,3892.16,3833.6362793221083,3850.174936183457,3817.09762246076,3829.5221208698754
TR-045882,2025-10-18,1400.28,1421.6096220265958,1429.113076573328,1414.1061674798636,1417.9111972534731
TR-045883,2025-10-18,1461.81,1425.4295611470245,1423.2648576629779,1427.5942646310712,1416.9885968843594
TR-045884,2025-10-18,3182.56,3194.9417747659763,3200.3885998285227,3189.49494970343,3194.8502286527
TR-045885,2025-10-18,2144.76,2179.407717470898,2203.2636686672936,2155.5517662745024,2157.912680865676
TR-045886,2025-10-18,650.01,648.5103022633056,655.8015028674224,641.2191016591887,639.476632592739
TR-045887,2025-10-18,968.51,994.2186201508084,1022.2583033174037,966.1789369842131,995.4556654964878
TR-045888,2025-10-18,1647.1,1648.4633222258824,1673.6703024632627,1623.256341988502,1640.7670074585249
TR-045889,2025-10-18,2729.1,2651.6904349310294,2640.6248987101453,2662.7559711519134,2627.524274241245
TR-045890,2025-10-18,4494.77,4473.551794163106,4536.160177900282,4410.94341042593,4469.926855102909
TR-045891,2025-10-18,1634.18,1631.8344537748821,1647.451450745356,1616.2174568044086,1626.1710174296504
TR-045892,2025-10-18,1963.55,2012.948620667032,2030.8649009042033,1995.0323404298606,2000.0716867007527
TR-045893,2025-10-18,3401.76,3418.768095517709,3423.9620292378872,3413.5741617975305,3420.1261261262307
TR-045894,2025-10-18,3600.17,3616.039337956734,3617.7169813276228,3614.3616945858453,3590.0597050369247
TR-045895,2025-10-18,2059.94,2068.320092951617,2115.348145386038,2021.2920405171958,2046.6724314579387
TR-045896,2025-10-18,1499.02,1586.0862582495884,1597.3513167172582,1574.8211997819187,1577.5539129019185
TR-045897,2025-10-18,1106.0,1148.473035873584,1169.8679676034035,1127.0781041437644,1143.9856976462863
TR-045898,2025-10-18,1415.97,1448.7355571794233,1466.874764819507,1430.5963495393398,1441.796817040989
TR-045899,2025-10-18,3079.84,3261.6804826015295,3330.1972243084756,3193.163740894583,3271.1998303522346
TR-045900,2025-10-18,1455.53,1457.3505090538815,1461.442086842722,1453.258931265041,1455.9100252740159
TR-045901,2025-10-18,2133.85,2228.7601078991506,2287.99045192546,2169.529763872841,2216.868011532254
TR-045902,2025-10-18,3664.1,3671.9071216387874,3674.4484064950293,3669.365836782545,3661.7355163040606
TR-045903,2025-10-18,2356.83,2384.6792156388947,2428.731556713176,2340.626874564613,2373.276030418104
TR-045904,2025-10-18,2087.83,2144.333271575895,2181.789676933598,2106.8768662181924,2142.761844981118
TR-045905,2025-10-18,1627.5,1650.9118691085541,1673.5721048831233,1628.251633333985,1646.5320432354524
TR-045906,2025-10-18,4440.83,4512.429077449744,4549.12986177947,4475.728293120019,4489.371028133989
TR-045907,2025-10-18,5015.77,5144.721466592951,5245.9797634940005,5043.463169691902,5129.495094855703
TR-045908,2025-10-18,4003.05,4131.451577263397,4210.666146923192,4052.2370076036023,4119.238629300487
TR-045909,2025-10-18,1290.15,1330.8235327293582,1341.913143494715,1319.7339219640012,1322.3963462522847
TR-045910,2025-10-18,5205.32,5282.761414725064,5415.152150113695,5150.370679336434,5271.3897560799
TR-045911,2025-10-18,1126.1,1121.9372311683383,1133.8503548383214,1110.024107498355,1112.752306968259
TR-045912,2025-10-18,1183.6,1215.6797191372125,1251.247890453581,1180.111547820844,1211.3987523300257
TR-045913,2025-10-18,2001.86,2068.5563426010626,2084.1519424672647,2052.9607427348606,2055.352839894258
TR-045914,2025-10-18,4242.61,4252.590343299258,4289.6625696462515,4215.518116952264,4240.510141510236
TR-045915,2025-10-18,1766.47,1733.1312369349594,1739.8750882079617,1726.387385661957,1734.2768984833097
TR-045916,2025-10-18,4890.94,4989.849782896624,5054.852542132588,4924.84702366066,4974.358469646339
TR-045917,2025-10-18,404.69,383.43307565886334,369.2508527015096,397.61529861621705,388.0055543924266
TR-045918,2025-10-18,4181.96,4113.998875822215,4112.964765548901,4115.03298609553,4091.3049914541866
TR-045919,2025-10-18,2687.53,2718.8213166334795,2705.565272894357,2732.077360372602,2709.3516482687737
TR-045920,2025-10-18,2449.64,2330.3139450199355,2361.0391520764874,2299.5887379633837,2309.3319407139475
TR-045921,2025-10-18,3835.85,3853.4566023966,3851.9372138511694,3854.9759909420304,3857.4049232491816
TR-045922,2025-10-18,3331.57,3354.327617741624,3402.1822554240025,3306.472980059246,3332.336283544356
TR-045923,2025-10-18,3840.4,3926.488223264665,3937.7815481916346,3915.194898337695,3909.835599024024
TR-045924,2025-10-18,2397.45,2464.7068184022364,2477.3375329167084,2452.076103887765,2450.450858081258
TR-045925,2025-10-18,1849.8,1786.6853466236726,1795.633382020533,1777.7373112268122,1781.3819900659523
TR-045926,2025-10-18,1833.94,1822.1631797337036,1802.413462780942,1841.9128966864655,1822.723633029946
TR-045927,2025-10-18,1415.02,1388.6310896630234,1389.8816061509258,1387.3805731751208,1380.6985399004982
TR-045928,2025-10-18,1653.6,1676.4139169837702,1685.418846606769,1667.4089873607713,1674.8932311139697
TR-045929,2025-10-18,2269.87,2337.1620563252027,2380.1451828170125,2294.1789298333933,2335.773557190707
TR-045930,2025-10-18,2343.36,2392.0699634713214,2381.5797243824622,2402.5602025601806,2375.2850411697755
TR-045931,2025-10-18,1155.88,1164.7571245486843,1169.0051892697538,1160.5090598276147,1156.5767344394144
TR-045932,2025-10-18,2734.13,2714.2225800168844,2745.295767729966,2683.1493923038024,2703.9391034911514
TR-045933,2025-10-18,542.83,543.6435778813735,553.1649993001147,534.1221564626323,541.8211644684833
TR-045934,2025-10-18,3338.28,3431.0391462010984,3478.3733590820893,3383.704933320108,3432.888755455614
TR-045935,2025-10-18,2496.0,2556.0853966509444,2581.317367671622,2530.853425630267,2539.4945254952745
TR-045936,2025-10-18,2966.05,3012.8639457309278,3040.3276027350516,2985.400288726804,3011.94569220134
TR-045937,2025-10-18,5663.94,5857.849275143958,5948.456517661364,5767.242032626552,5860.660477079729
TR-045938,2025-10-18,3967.69,4073.112801008245,4176.670787822788,3969.5548141937015,4063.9943665394226
TR-045939,2025-10-18,2107.87,2146.543949653943,2165.927348329878,2127.160550978008,2145.3026053222984
TR-045940,2025-10-18,753.48,759.7709649943181,770.8887148497992,748.6532151388369,760.3994958089519
TR-045941,2025-10-18,876.11,883.1889204974821,881.184652609195,885.193188385769,879.7712989093181
TR-045942,2025-10-18,959.64,958.4941577646537,979.4413838113387,937.5469317179687,957.4444037156749
TR-045943,2025-10-18,2122.57,2135.382229068743,2110.8431314449335,2159.921326692553,2123.5784606904353
TR-045944,2025-10-18,4530.44,4670.928748735917,4699.971953240196,4641.885544231638,4666.707243822673
TR-045945,2025-10-18,3356.21,3414.788542901217,3450.4220947428585,3379.154991059576,3413.4403472179492
TR-045946,2025-10-18,1551.53,1553.829942865363,1547.4954526040947,1560.1644331266311,1546.4824554965728
TR-045947,2025-10-18,3348.56,3270.8731088068853,3320.2162748973824,3221.5299427163877,3246.457935845488
TR-045948,2025-10-18,1845.61,1885.9428722379407,1916.3470398000659,1855.5387046758158,1882.2037935844824
TR-045949,2025-10-18,2135.27,2167.85275809639,2157.122814526741,2178.582701666039,2153.2498383644643
TR-045950,2025-10-18,1619.21,1648.6635661638466,1652.784828236457,1644.5423040912362,1648.260201791018
TR-045951,2025-10-18,3564.95,3529.0775967843483,3558.112935908886,3500.0422576598107,3510.438114231676
TR-045952,2025-10-18,2072.92,2139.32405798848,2175.2086341149125,2103.4394818620476,2129.8731557733377
TR-045953,2025-10-18,514.26,502.22017986003755,505.4748574175939,498.96550230248124,503.65667831563144
TR-045954,2025-10-18,1466.63,1505.0344319404617,1535.3196914279674,1474.749172452956,1501.1223850158176
TR-045955,2025-10-18,4032.78,4099.930163933559,4171.09667583234,4028.763652034778,4104.322915103141
TR-045956,2025-10-18,651.51,638.7704071923469,640.0564762946841,637.4843380900096,639.2565815395133
TR-045957,2025-10-18,2273.63,2253.5009304844552,2258.2332796204996,2248.7685813484113,2234.8637767634727
TR-045958,2025-10-18,2089.43,2086.344110943284,2084.493283000608,2088.19493888596,2076.9510638980637
TR-045959,2025-10-18,4496.35,4480.2993172314245,4513.896976963774,4446.701657499075,4484.1060967461435
TR-045960,2025-10-18,1880.12,1895.636290731826,1897.640238207945,1893.632343255707,1887.0620674929805
TR-045961,2025-10-18,1120.66,1108.708709103049,1115.6773759019575,1101.7400423041402,1109.5303105195471
TR-045962,2025-10-18,2688.36,2693.0991428976477,2690.2096029696872,2695.9886828256085,2691.497908528161
TR-045963,2025-10-18,2534.73,2553.752107657918,2573.834473943243,2533.669741372592,2535.441510395175
TR-045964,2025-10-18,1341.22,1379.7678156740799,1378.970699647578,1380.564931700582,1378.2554839865486
TR-045965,2025-10-18,2975.08,3035.0283614782934,3020.7506362517574,3049.3060867048293,3033.2430126743798
TR-045966,2025-10-18,991.62,1007.2363722365116,1009.2548578095397,1005.2178866634835,1003.721049942359
TR-045967,2025-10-18,2298.17,2363.1154609703967,2329.495848301855,2396.7350736389385,2347.606822535412
TR-045968,2025-10-18,593.11,597.5105927268984,602.2963664426426,592.7248190111542,596.98975139294
TR-045969,2025-10-18,1711.11,1738.7840112411272,1731.597544099786,1745.9704783824682,1734.454433675174
TR-045970,2025-10-18,529.66,535.3759246175141,549.6466536208914,521.1051956141368,532.567835246359
TR-045971,2025-10-18,879.77,873.7254793828606,886.4040573026573,861.0469014630638,867.3689832388518
TR-045972,2025-10-18,767.1,772.5272252124737,779.8161286648676,765.2383217600797,770.2744526947323
TR-045973,2025-10-18,2530.36,2521.1351800032053,2519.4218022425234,2522.8485577638876,2514.59839938834
TR-045974,2025-10-18,3559.92,3507.7305831303856,3526.564717825393,3488.8964484353783,3478.9795524551073
TR-045975,2025-10-18,2350.04,2446.2803382726065,2480.9122044407345,2411.6484721044785,2441.350970225566
TR-045976,2025-10-18,1394.61,1417.0074734211787,1427.4978651844979,1406.5170816578595,1413.5696518382897
TR-045977,2025-10-18,2791.89,2845.168543720412,2877.271285994824,2813.0658014459996,2825.8562672810954
TR-045978,2025-10-18,232.99,242.42831635618379,240.05065746891762,244.80597524344995,244.99855169813696
TR-045979,2025-10-18,1938.75,1952.5479540263782,1945.4926137105238,1959.6032943422326,1949.6276601944278
TR-045980,2025-10-18,1434.58,1462.9375421328918,1466.6673820340247,1459.207702231759,1460.986126033483
TR-045981,2025-10-18,3447.98,3419.28698494422,3451.261947697921,3387.3120221905187,3408.0243015403735
TR-045982,2025-10-18,3196.73,3263.605860000411,3205.5058456736624,3321.70587432716,3253.163534563616
TR-045983,2025-10-18,831.63,828.4019324456822,836.0615567860699,820.7423081052943,821.6787463452525
TR-045984,2025-10-18,1194.13,1283.1441717779135,1320.5856325223983,1245.7027110334284,1275.1350564484542
TR-045985,2025-10-19,2972.9,2926.3601253157362,2940.260693702712,2912.4595569287603,2917.172943958504
TR-045986,2025-10-19,3692.68,3800.5074977792965,3879.5530551036495,3721.461940454944,3789.0379579066966
TR-045987,2025-10-19,577.78,587.8402763384396,598.1942728373853,577.4862798394939,584.7483708411921
TR-045988,2025-10-19,5308.55,1853.753753934664,1892.4161371261678,1815.09137074316,1851.7148772532478
TR-045989,2025-10-19,1946.12,1953.9616573348137,1974.3325608385612,1933.5907538310662,1939.916195176148
TR-045990,2025-10-19,1497.97,1555.6966679884963,1557.5406050900071,1553.8527308869852,1546.2893061266755
TR-045991,2025-10-19,4009.74,4034.75212994375,4044.7382887226536,4024.765971164846,4029.2797087597573
TR-045992,2025-10-19,203.4,605.4504982699132,606.1719657052317,604.7290308345947,605.2628472176687
TR-045993,2025-10-19,3823.32,3930.0544178113714,3947.473686999137,3912.6351486236053,3907.623753021451
TR-045994,2025-10-19,1448.26,1456.552409160951,1448.7370781177137,1464.367740204188,1450.3503209742162
TR-045995,2025-10-19,1275.97,1216.6124714850584,1222.9972894283208,1210.2276535417961,1213.2406326569553
TR-045996,2025-10-19,3808.34,3788.3064473472596,3817.933791172762,3758.679103521757,3773.361783427429
TR-045997,2025-10-19,1009.93,1026.6605213616717,1035.8852035213918,1017.4358392019516,1015.4023303996977
TR-045998,2025-10-19,2297.59,2344.103247886,2325.9028581013954,2362.303637670605,2329.3139841453585
TR-045999,2025-10-19,1380.6,1385.208509147551,1384.455238213464,1385.9617800816377,1372.3325500982378
TR-046000,2025-10-19,1216.79,1221.0187796978425,1222.3132953640243,1219.724264031661,1210.9327702300716
TR-046001,2025-10-19,2834.77,2844.188569576862,2880.962856290277,2807.4142828634467,2839.0412981270733
TR-046002,2025-10-19,1837.35,1836.216431358041,1851.0252776177765,1821.4075850983058,1820.6308635459764
TR-046003,2025-10-19,2738.58,2817.750979184186,2853.7386340355674,2781.763324332804,2808.2878502208723
TR-046004,2025-10-19,4711.99,4798.494485898262,4819.999822180069,4776.9891496164555,4796.665786739439
TR-046005,2025-10-19,1046.58,1014.7645590434313,1014.0200825101495,1015.5090355767132,1015.8930070275126
TR-046006,2025-10-19,1310.53,1283.0994642502208,1294.831526510374,1271.3674019900675,1271.9338922350119
TR-046007,2025-10-19,2036.13,2071.4087721328706,2059.780382233537,2083.037162032204,2055.582505812835
TR-046008,2025-10-19,1668.7,1637.57011757187,1634.0441082836494,1641.0961268600906,1631.485294341775
TR-046009,2025-10-19,1690.83,1791.3802713521295,1807.4684195654688,1775.29212313879,1782.6127519645397
TR-046010,2025-10-19,3493.39,3607.4739860895447,3636.541762116095,3578.4062100629944,3614.9543437848706
TR-046011,2025-10-19,1820.83,1808.6759419387022,1808.2201926124783,1809.1316912649258,1801.649459804184
TR-046012,2025-10-19,4232.87,4221.872361729352,4278.762343979868,4164.982379478835,4203.673377452706
TR-046013,2025-10-19,808.29,820.4582626939705,834.4421382270253,806.4743871609157,816.7660079816239
TR-046014,2025-10-19,4654.64,4730.756122424786,4756.203970252751,4705.30827459682,4727.78145224449
TR-046015,2025-10-19,2316.06,2445.743798276515,2492.572760550019,2398.914836003011,2430.3910459981626
TR-046016,2025-10-19,1117.41,1146.6676430435148,1158.4619021237077,1134.8733839633219,1141.8385429935797
TR-046017,2025-10-19,1566.31,1589.2041792240132,1612.0056094093354,1566.402749038691,1587.7992318371637
TR-046018,2025-10-19,1961.67,2042.272344179908,2034.66236782289,2049.882320536926,2031.0878127320211
TR-046019,2025-10-19,2755.15,2762.612826172471,2805.6659731493755,2719.559679195567,2753.924389542452
TR-046020,2025-10-19,624.02,629.7585889676568,637.2335702246379,622.2836077106757,624.9255206743546
TR-046021,2025-10-19,1671.31,1677.882233060575,1686.5307258247344,1669.2337402964156,1675.150150222642
TR-046022,2025-10-19,1104.74,1105.2313331117148,1116.2716868421078,1094.190979381322,1098.9816085999046
TR-046023,2025-10-19,1790.74,1840.198323980615,1890.2013741634626,1790.1952737977674,1821.447651557636
TR-046024,2025-10-19,2793.65,2794.063774579262,2786.548617430292,2801.5789317282315,2771.43493515644
TR-046025,2025-10-19,1581.9,1591.4240543654846,1593.5895561330287,1589.2585525979405,1585.901890491227
TR-046026,2025-10-19,3786.01,3863.417817726099,3871.4526593047867,3855.3829761474112,3859.9829931511194
TR-046027,2025-10-19,3922.14,4021.5844189590275,4019.1792806659787,4023.9895572520763,3999.5237215796146
TR-046028,2025-10-19,865.79,855.0113527352497,868.4597751751487,841.5629302953507,852.3356966358799
TR-046029,2025-10-19,3232.85,3236.5400847002566,3228.940716220391,3244.1394531801225,3216.039401730546
TR-046030,2025-10-19,2073.63,2071.8982673251057,2067.132211053973,2076.6643235962383,2066.7006731032625
TR-046031,2025-10-19,418.53,429.73000699221393,440.34999635568926,419.11001762873866,427.5959156765938
TR-046032,2025-10-19,2477.44,2498.6960271724383,2481.0078942884334,2516.3841600564433,2489.6206959516912
TR-046033,2025-10-19,814.05,858.5981658259583,887.8744541086738,829.3218775432427,846.2811920830711
TR-046034,2025-10-19,3458.16,3511.036419804078,3563.4400774122423,3458.632762195914,3508.9551189474987
TR-046035,2025-10-19,1931.36,1918.2658934809672,1958.2286580045668,1878.3031289573676,1909.7853094212649
TR-046036,2025-10-19,3959.29,3926.183241395519,3935.9727150155404,3916.393767775498,3905.1554373446634
TR-046037,2025-10-19,938.56,970.9072986060651,986.4612882895511,955.353308922579,970.3225280841109
TR-046038,2025-10-19,5088.62,5095.186800361451,5112.541155730965,5077.832444991936,5075.22628493261
TR-046039,2025-10-19,869.11,872.7954933042092,884.9587258384413,860.6322607699773,871.8306300363042
TR-046040,2025-10-19,5387.61,5559.040390022766,5600.382381312547,5517.698398732984,5566.282696851893
TR-046041,2025-10-19,2733.64,2764.970296033198,2827.774043387448,2702.166548678948,2757.3438943067404
TR-046042,2025-10-19,2519.16,2638.9612280052734,2703.3068600613146,2574.6155959492316,2624.85026512302
TR-046043,2025-10-19,2553.28,2714.49796648979,2749.7036039788345,2679.2923290007457,2698.247958502671
TR-046044,2025-10-19,5467.46,5454.640284683978,5491.929942493169,5417.350626874788,5440.675386831091
TR-046045,2025-10-19,3192.96,3083.453205157294,3149.739738802879,3017.166671511709,3065.9458896788083
TR-046046,2025-10-19,3736.86,3787.403582946697,3812.38836506593,3762.418800827464,3779.626258940935
TR-046047,2025-10-19,1365.36,1372.4820671569296,1362.5873800874776,1382.3767542263818,1368.1366399004858
TR-046048,2025-10-19,1714.72,1753.3106205597342,1815.9905685620881,1690.6306725573804,1747.6624900722068
TR-046049,2025-10-19,1071.09,1121.7677672416128,1163.7114753807423,1079.8240591024833,1110.4336328712648
TR-046050,2025-10-19,1093.07,1085.9770814200383,1091.7205929208474,1080.233569919229,1081.5270310621322
TR-046051,2025-10-19,1103.5,1092.4555050682084,1095.4493059644342,1089.4617041719825,1083.7435715039549
TR-046052,2025-10-19,3489.16,3503.134626800045,3520.587537360954,3485.681716239137,3483.997359461653
TR-046053,2025-10-19,1184.35,1180.057871635724,1192.7972391565065,1167.3185041149413,1180.1049378487007
TR-046054,2025-10-19,664.86,674.112764035138,688.0663850914951,660.1591429787808,673.6863641177997
TR-046055,2025-10-19,3849.6,4020.5649832484014,4098.61141340667,3942.518553090133,3999.4650629309645
TR-046056,2025-10-19,1221.83,1253.319699095273,1290.6378258846428,1216.0015723059034,1259.324065881689
TR-046057,2025-10-19,1200.2,1234.2036442941894,1238.7680659148796,1229.6392226734993,1237.0399085259219
TR-046058,2025-10-19,1477.99,1515.8650510303405,1542.5780459188154,1489.1520561418658,1514.639219030074
TR-046059,2025-10-19,1532.71,1541.2245146467153,1545.8143232243822,1536.6347060690484,1536.3709834451229
TR-046060,2025-10-19,209.86,225.56957827502447,236.47227069071423,214.66688585933468,224.43071493095016
TR-046061,2025-10-19,1643.8,1654.6877504217564,1647.1524464836934,1662.2230543598196,1647.7190015353594
TR-046062,2025-10-19,2579.5,2711.297081106537,2778.6856348894003,2643.9085273236738,2692.432225431147
TR-046063,2025-10-19,166.3,767.7182846468963,788.501902273451,746.9346670203417,755.8037112176444
TR-046064,2025-10-19,2537.25,2540.144733946093,2559.0108472953552,2521.278620596831,2529.47636457105
TR-046065,2025-10-19,1975.87,1963.418220293362,1946.8836714966567,1979.9527690900675,1960.5848310506483
TR-046066,2025-10-19,2517.98,2516.222713143973,2528.4420813652428,2504.003344922703,2505.3620199731777
TR-046067,2025-10-19,1375.57,1364.753792998897,1375.0949905076955,1354.412595490099,1358.724554695588
TR-046068,2025-10-19,2025.27,2117.8406103582756,2160.3486739156056,2075.3325468009457,2114.4540486856567
TR-046069,2025-10-19,3283.73,3277.00926205468,3288.8655372638937,3265.1529868454672,3260.3552751531297
TR-046070,2025-10-19,1952.05,2030.3210553559043,2049.6261978216066,2011.0159128902017,2022.7614502546658
TR-046071,2025-10-19,2152.52,2210.1698904175664,2224.4057500927242,2195.934030742409,2207.6912162348262
TR-046072,2025-10-19,3506.58,3621.6093764391835,3658.5454864972908,3584.6732663810767,3618.583402813939
TR-046073,2025-10-19,1834.32,1890.393277350268,1885.0346477658475,1895.7519069346886,1890.8487529800814
TR-046074,2025-10-19,1386.17,1423.498990734012,1475.2113484985634,1371.7866329694607,1421.1710380465645
TR-046075,2025-10-19,6311.76,6481.196471701747,6612.986972864056,6349.4059705394375,6458.0699066559755
TR-046076,2025-10-19,3193.54,3283.684779286112,3276.952885890676,3290.4166726815483,3250.8612175434328
TR-046077,2025-10-19,2138.43,2125.3353717184737,2121.2452240215607,2129.425519415387,2111.2531571086174
TR-046078,2025-10-19,1502.48,1546.4499023358417,1566.6634093977434,1526.2363952739402,1535.1181492925327
TR-046079,2025-10-19,914.91,945.9379871530653,956.0184501121762,935.8575241939542,946.836268396306
TR-046080,2025-10-19,1903.41,1989.9191373432786,2055.3769964384014,1924.4612782481556,1973.6318798067712
TR-046081,2025-10-19,3032.86,3024.6081879890994,3024.068531937425,3025.1478440407736,2987.552243289626
TR-046082,2025-10-19,3811.86,3866.541741623533,3912.1367927329857,3820.9466905140803,3841.1458508796486
TR-046083,2025-10-19,1914.61,1961.9130515951422,1956.4391650442626,1967.3869381460217,1958.3402981732183
TR-046084,2025-10-19,5434.56,5492.428627443846,5541.666276046117,5443.190978841576,5497.04669136536
TR-046085,2025-10-19,3428.65,3494.0869142688443,3504.836742399667,3483.3370861380217,3470.616208079911
TR-046086,2025-10-19,2580.89,2685.297813205438,2756.410098381109,2614.1855280297673,2672.488101808629
TR-046087,2025-10-19,429.61,426.0228213616675,435.36365203629424,416.6819906870408,426.588714444404
TR-046088,2025-10-19,2916.04,2880.2322672832865,2892.39023802101,2868.074296545563,2871.2988930347783
TR-046089,2025-10-19,1955.92,1976.934369507458,2030.020561765625,1923.8481772492914,1973.0256610024608
TR-046090,2025-10-19,506.13,483.84071851565926,485.9252380684164,481.75619896290215,481.8208703234727
TR-046091,2025-10-19,1823.82,1791.2617814847404,1810.8269582657292,1771.6966047037513,1776.830937233212
TR-046092,2025-10-19,1013.06,1057.4675614508476,1088.9660411554592,1025.969081746236,1045.7562374474728
TR-046093,2025-10-19,3521.99,3445.263928679442,3478.280035002902,3412.247822355982,3432.5146836139215
TR-046094,2025-10-19,3087.82,3122.152563002386,3180.0483524374195,3064.2567735673533,3108.163324731363
TR-046095,2025-10-19,3197.41,3109.617074798281,3124.8308411271623,3094.4033084693997,3104.376355439472
TR-046096,2025-10-19,2038.75,2067.5494649999846,2060.8121677194413,2074.286762280528,2058.8822728267673
TR-046097,2025-10-19,1784.15,1816.3639318386536,1831.9835445857414,1800.7443190915656,1806.28996840729
TR-046098,2025-10-19,2309.56,2350.345146821721,2368.5814591649782,2332.1088344784635,2337.800120757026
TR-046099,2025-10-19,2927.76,2904.1457132861124,2925.1705558094727,2883.1208707627525,2880.2250718715313
TR-046100,2025-10-19,1478.71,1501.5450714670296,1493.8812418495365,1509.2089010845227,1500.215722126199
TR-046101,2025-10-19,2838.14,2801.319336014185,2864.501297219662,2738.1373748087085,2782.966812611738
TR-046102,2025-10-19,1052.13,1032.67432445844,1038.7547238778527,1026.5939250390275,1031.4390422808365
TR-046103,2025-10-19,1314.12,1270.6873355809387,1278.9354940230685,1262.4391771388089,1270.5166689842763
TR-046104,2025-10-19,4264.23,4304.212639710075,4314.522393034684,4293.902886385465,4281.063405578578
TR-046105,2025-10-19,3861.12,3894.8423549817394,3960.37850878157,3829.306201181909,3895.4935851726545
TR-046106,2025-10-19,813.92,824.6393830456282,834.5020168132916,814.7767492779648,816.0961634551397
TR-046107,2025-10-19,4785.48,4916.824459710177,5091.949307154276,4741.699612266077,4916.247664082441
TR-046108,2025-10-19,743.51,775.3220409905615,809.010534296531,741.633547684592,768.5491378084696
TR-046109,2025-10-19,1722.44,1703.2293603975727,1712.0703032037275,1694.3884175914177,1706.223415401293
TR-046110,2025-10-19,5409.7,5553.965945848813,5575.867764814504,5532.064126883121,5509.296453905024
TR-046111,2025-10-19,1180.89,1183.9712916939584,1184.209029513847,1183.73355387407,1182.6510012196045
TR-046112,2025-10-19,850.95,874.2350133690614,898.7168774428247,849.7531492952982,875.2544041238611
TR-046113,2025-10-19,1457.78,1441.0052117103987,1446.9011149590947,1435.109308461703,1438.9583148050322
TR-046114,2025-10-19,934.94,945.5923170037736,937.5456545104009,953.6389794971464,945.9084679921561
TR-046115,2025-10-19,2563.17,2530.4750701007542,2551.6102031681567,2509.339937033352,2520.312558400024
TR-046116,2025-10-19,1103.2,1140.5506293748563,1120.0455255252182,1161.0557332244946,1142.7496267296456
TR-046117,2025-10-19,3858.33,3953.6894253013124,3971.3537167896693,3936.025133812956,3943.9835398507958
TR-046118,2025-10-19,811.8,863.4095281333439,894.2042073486446,832.6148489180431,849.8928717835922
TR-046119,2025-10-19,694.21,711.0983172444619,720.4756325357229,701.721001953201,704.0140424059418
TR-046120,2025-10-19,4276.51,4281.6002836826465,4299.768726850816,4263.431840514477,4266.374036363425
TR-046121,2025-10-19,1329.1,1344.165035904534,1351.6666504149957,1336.6634213940724,1337.523708574403
TR-046122,2025-10-19,1824.99,1919.5325803262915,1930.5668985272164,1908.4982621253666,1907.7881387475672
TR-046123,2025-10-19,2615.77,2673.556739938829,2650.0770887280205,2697.036391149638,2660.6119428953843
TR-046124,2025-10-19,1894.04,1984.1227154824974,2026.6513925043505,1941.5940384606445,1971.0383539164218
TR-046125,2025-10-19,4763.57,4879.589718627938,4913.409038195315,4845.770399060561,4868.735127087122
TR-046126,2025-10-19,3106.0,3143.0273536140235,3134.738704928192,3151.316002299855,3129.5541470144753
TR-046127,2025-10-19,2282.79,2368.889179687207,2423.858912250165,2313.9194471242495,2357.0942195737935
TR-046128,2025-10-19,1703.71,1684.1990538647747,1705.8236630624167,1662.5744446671324,1676.4154159547477
TR-046129,2025-10-19,1827.34,1887.5527793713982,1871.5412113396853,1903.5643474031108,1884.4918700972964
TR-046130,2025-10-19,4196.79,4326.399364163943,4330.283284200891,4322.515444126993,4330.785103253715
TR-046131,2025-10-19,1285.74,1323.7834427204436,1345.5771073754167,1301.9897780654705,1312.9083056424083
TR-046132,2025-10-19,4933.39,4951.491268004979,4948.010864677965,4954.971671331993,4935.819535568276
TR-046133,2025-10-19,1785.49,1798.0211450613645,1834.34717414459,1761.6951159781388,1790.1654686991353
TR-046134,2025-10-20,2564.55,2639.5261620018855,2640.483632913582,2638.568691090189,2633.443685621776
TR-046135,2025-10-20,2035.32,2005.0276365864006,2005.6889151697067,2004.3663580030948,1995.597431883169
TR-046136,2025-10-20,1579.19,1620.034366437243,1641.8207689470298,1598.247963927456,1619.6248198332078
TR-046137,2025-10-20,2395.54,2374.438959123492,2379.3095691791423,2369.5683490678425,2365.719390171614
TR-046138,2025-10-20,1045.84,1053.5310214233348,1083.3822347266537,1023.6798081200159,1046.017539290951
TR-046139,2025-10-20,1404.54,1401.3865408909287,1407.8836309041292,1394.889450877728,1399.167784116575
TR-046140,2025-10-20,1697.02,1686.4204660806427,1695.4893498646436,1677.3515822966415,1687.1868441983625
TR-046141,2025-10-20,1219.35,1213.5164942188917,1213.0799635556007,1213.953024882183,1215.5674904687498
TR-046142,2025-10-20,752.15,2296.9897236120432,2330.724164423011,2263.255282801075,2293.274719638711
TR-046143,2025-10-20,1006.1,1017.1859962928405,1026.8673564634025,1007.5046361222785,1010.5446635238675
TR-046144,2025-10-20,3102.66,3196.7905763531307,3266.105030513871,3127.4761221923904,3190.6705589376716
TR-046145,2025-10-20,2242.82,2306.506021486741,2314.7380755105487,2298.273967462933,2299.2355537947597
TR-046146,2025-10-20,2031.75,2080.277460932176,2062.1928466921495,2098.3620751722024,2075.3465209281585
TR-046147,2025-10-20,2920.58,2911.235203548423,2928.542161757627,2893.9282453392193,2915.1778684536457
TR-046148,2025-10-20,1431.46,1472.7434664480397,1484.8886165811482,1460.598316314931,1468.267266128263
TR-046149,2025-10-20,2304.5,2237.768921500624,2253.6617817105735,2221.876061290674,2227.894521347145
TR-046150,2025-10-20,642.59,674.0208185643902,692.621975644195,655.4196614845854,669.6964796883055
TR-046151,2025-10-20,2082.87,2044.6144052510126,2063.8359826049136,2025.3928278971116,2041.8691400477248
TR-046152,2025-10-20,4400.83,4412.224392550441,4472.968487900879,4351.480297200003,4403.72457797451
TR-046153,2025-10-20,1768.13,1780.5400109908778,1810.7630222670605,1750.3169997146952,1778.9632603993987
TR-046154,2025-10-20,2004.74,2098.166245585294,2127.506777079909,2068.8257140906785,2104.3697875170546
TR-046155,2025-10-20,2072.48,2075.997183641107,2084.3702757550122,2067.6240915272015,2070.5097601077878
TR-046156,2025-10-20,1697.36,1758.220212590579,1799.4980464780165,1716.9423787031415,1761.8014985510354
TR-046157,2025-10-20,1501.82,1543.473892959771,1527.7781965423003,1559.1695893772421,1545.2406661825316
TR-046158,2025-10-20,2901.18,3134.226669495465,3152.480254704987,3115.973084285943,3124.4307176758
TR-046159,2025-10-20,1745.83,1816.4224652058924,1844.4559233959399,1788.389007015845,1812.3419507128438
TR-046160,2025-10-20,1685.45,1654.225946780844,1678.7548378380927,1629.697055723595,1654.4371681927641
TR-046161,2025-10-20,2878.12,2882.403204409993,2886.076093162192,2878.7303156577946,2878.042464026781
TR-046162,2025-10-20,1168.91,1160.2984645304682,1162.780110419456,1157.8168186414807,1153.993898089665
TR-046163,2025-10-20,332.78,321.463262387741,318.99744549860577,323.92907927687617,322.18858362294395
TR-046164,2025-10-20,1992.45,2066.8127707065455,2106.712878817529,2026.9126625955616,2069.038862708475
TR-046165,2025-10-20,2112.63,2096.2424716546047,2106.5598320226736,2085.9251112865354,2089.631094486587
TR-046166,2025-10-20,855.72,875.0901379594522,902.6868578634696,847.4934180554349,874.8984201671249
TR-046167,2025-10-20,2086.28,2074.881536649943,2095.9939460224946,2053.769127277392,2070.0891176855775
TR-046168,2025-10-20,1866.42,1991.193393678986,2033.5600126213478,1948.826774736624,1979.0303027688701
TR-046169,2025-10-20,1611.06,1604.4419448229255,1604.4669615476168,1604.4169280982344,1600.5442250835931
TR-046170,2025-10-20,1445.43,1440.7963732870467,1441.5427600939292,1440.0499864801639,1436.8732945734478
TR-046171,2025-10-20,639.17,638.4075887044083,641.0528390417081,635.7623383671086,634.2461293464862
TR-046172,2025-10-20,3505.44,3674.830443511594,3780.730133051544,3568.9307539716438,3674.4437801468266
TR-046173,2025-10-20,4057.31,4122.604348800072,4230.713754009404,4014.49494359074,4083.730949262782
TR-046174,2025-10-20,880.13,4474.275114229093,4496.882797823109,4451.667430635077,4473.4387380448825
TR-046175,2025-10-20,3739.53,3835.280390045084,3909.260931948433,3761.299848141735,3820.867308072984
TR-046176,2025-10-20,2821.23,2924.176450442692,2936.641062023249,2911.7118388621343,2925.139011950602
TR-046177,2025-10-20,1805.43,1951.4456093390745,1997.6728826348196,1905.2183360433291,1954.917738737507
TR-046178,2025-10-20,3140.88,3257.0818833916137,3308.940682061639,3205.2230847215887,3235.0993900382423
TR-046179,2025-10-20,643.58,3150.316341720746,3154.221538322638,3146.4111451188537,3145.3712793881095
TR-046180,2025-10-20,863.53,885.6076747982822,911.422679834685,859.7926697618796,876.7003171639303
TR-046181,2025-10-20,870.15,849.6439750670982,855.3431158142857,843.9448343199106,845.0759494462366
TR-046182,2025-10-20,1308.78,1359.4183863045198,1375.7570836235382,1343.0796889855014,1364.772967510154
TR-046183,2025-10-20,2957.72,3011.0665378255835,3026.3354908096953,2995.7975848414717,3007.7625707032194
TR-046184,2025-10-20,1330.65,1326.1935152903916,1339.8131935844856,1312.5738369962976,1329.7699125139561
TR-046185,2025-10-20,3113.18,3198.584207995048,3178.679128750688,3218.489287239408,3169.188991915121
TR-046186,2025-10-20,670.27,649.2143793554111,651.2082294927699,647.2205292180523,648.9618123444245
TR-046187,2025-10-20,1839.62,1859.7269554214963,1841.6817279238178,1877.7721829191748,1865.3633451975054
TR-046188,2025-10-20,2320.32,2368.6299069470233,2436.5454218087443,2300.714392085302,2354.016276982152
TR-046189,2025-10-20,3781.31,3874.4378853489607,4000.4783287415994,3748.3974419563215,3868.7740884126792
TR-046190,2025-10-20,3502.7,3444.7524416731108,3471.8000751671766,3417.704808179045,3426.2700140964685
TR-046191,2025-10-20,2120.92,2136.250821654671,2145.650129626759,2126.851513682583,2131.715354205564
TR-046192,2025-10-20,3533.69,3633.066415703498,3658.068913892606,3608.06391751439,3626.7490104812177
TR-046193,2025-10-20,1466.97,1474.814815153365,1473.2861198745347,1476.3435104321952,1474.6922049543175
TR-046194,2025-10-20,2790.85,2831.360929784426,2854.5095906388765,2808.212268929975,2809.8717917062995
TR-046195,2025-10-20,2088.92,2047.0548191868872,2059.865753476818,2034.2438848969564,2037.9955218881528
TR-046196,2025-10-20,1246.26,1254.8394355483579,1288.249198724311,1221.4296723724049,1244.1674617823862
TR-046197,2025-10-20,3141.33,3298.3750012485625,3366.4707996071634,3230.279202889962,3277.54914597726
TR-046198,2025-10-20,1529.35,1552.0860335595123,1575.945680261317,1528.2263868577077,1553.2436784925994
TR-046199,2025-10-20,4278.23,4171.8308811181105,4233.578807140448,4110.082955095773,4171.32713115811
TR-046200,2025-10-20,1631.08,1676.024620385351,1678.5007285594556,1673.5485122112464,1669.3107223808727
TR-046201,2025-10-20,2174.48,2186.4000755374473,2246.2728125189783,2126.5273385559167,2181.558058410021
TR-046202,2025-10-20,4503.27,4641.405080745559,4716.877896949422,4565.932264541696,4626.657990263615
TR-046203,2025-10-20,3701.77,3758.629850245838,3748.2603447086663,3768.99935578301,3739.97612939004
TR-046204,2025-10-20,5496.55,5541.378150447828,5530.1908916961,5552.565409199557,5518.693101892835
TR-046205,2025-10-20,1028.64,1016.021083920265,1022.8070360454684,1009.2351317950615,1016.5545022956077
TR-046206,2025-10-20,4063.51,4112.36679852739,4144.148355527538,4080.5852415272416,4100.397302495651
TR-046207,2025-10-20,2347.37,2458.163112912598,2519.5606257996947,2396.765600025502,2456.595130060853
TR-046208,2025-10-20,4332.59,4209.317800703357,4222.787349389781,4195.848252016932,4199.472249221832
TR-046209,2025-10-20,3252.55,3373.489511399167,3385.1642687277717,3361.8147540705627,3341.197152081021
TR-046210,2025-10-20,908.37,926.1517251070194,924.202111339923,928.1013388741158,927.7279660582701
TR-046211,2025-10-20,970.39,962.7495789361478,992.3871493271257,933.11200854517,953.743106510889
TR-046212,2025-10-20,1558.89,1592.4845800758217,1591.0297985107288,1593.9393616409145,1586.3624296591856
TR-046213,2025-10-20,1149.12,1178.3488257125375,1214.768186977935,1141.92946444714,1174.1692839274328
TR-046214,2025-10-20,17893.17,4295.90514669102,4413.258947082902,4178.551346299138,4288.178803232566
TR-046215,2025-10-20,2487.72,2521.9807474600593,2534.894503035574,2509.066991884545,2515.4526313860915
TR-046216,2025-10-20,3335.74,3430.3425900391203,3449.306013345746,3411.379166732495,3425.2740119991886
TR-046217,2025-10-20,1412.73,1407.0029193260357,1427.0782729318257,1386.9275657202454,1398.4240272746893
TR-046218,2025-10-20,2712.93,2860.556855233248,2954.289225386573,2766.8244850799233,2864.6115825069337
TR-046219,2025-10-20,6093.6,6179.345477003626,6268.373577440691,6090.31737656656,6169.947629329013
TR-046220,2025-10-20,1868.59,1958.244373907475,1973.0328456803538,1943.455902134596,1955.4889483075503
TR-046221,2025-10-20,1202.95,1213.8227560319199,1211.258418077746,1216.3870939860938,1210.5928795865952
TR-046222,2025-10-20,1604.74,1630.5645036477044,1659.811365343783,1601.3176419516255,1624.4933266434257
TR-046223,2025-10-20,793.55,792.891190992764,811.4060568111562,774.3763251743719,785.0937787294981
TR-046224,2025-10-20,3115.6,3116.7867105936693,3131.704748382993,3101.8686728043454,3117.7578703536687
TR-046225,2025-10-20,997.17,1065.5825941770613,1103.116022387007,1028.0491659671159,1067.7805363037974
TR-046226,2025-10-20,1617.98,1645.2644656833804,1659.5845571433952,1630.944374223366,1640.419861992686
TR-046227,2025-10-20,463.0,474.64085981926746,473.8845190017122,475.3972006368228,470.1384981150545
TR-046228,2025-10-20,701.71,725.9037465660415,739.277236684248,712.5302564478349,722.2043854467007
TR-046229,2025-10-20,5490.26,5520.37411275554,5614.878332114625,5425.869893396456,5512.674609928701
TR-046230,2025-10-20,6302.46,6550.225511699421,6509.23738931244,6591.213634086402,6536.054956804658
TR-046231,2025-10-20,1213.94,1211.4600168692316,1217.910252534286,1205.0097812041772,1209.8499382380046
TR-046232,2025-10-20,1349.39,1336.0832254634197,1344.995504675276,1327.1709462515632,1334.740222300306
TR-046233,2025-10-20,951.71,962.2751014987482,982.0432747265039,942.5069282709924,953.3636736398878
TR-046234,2025-10-20,1143.94,1172.397585114291,1174.8416502307714,1169.9535199978104,1163.2040785024394
TR-046235,2025-10-20,2796.13,2902.6236962077487,2918.969235168762,2886.278157246735,2884.678154829956
TR-046236,2025-10-20,2108.65,2263.8144112892387,2321.925983800518,2205.7028387779596,2257.7225270095737
TR-046237,2025-10-20,2942.78,2955.027744418545,2942.83360146355,2967.22188737354,2943.150544205495
TR-046238,2025-10-20,5652.74,5665.466072663272,5688.252377647848,5642.679767678696,5676.3236415419415
TR-046239,2025-10-20,1153.25,1137.342639990119,1144.1312678115555,1130.554012168683,1143.0291826849443
TR-046240,2025-10-20,2403.82,2550.0715679025425,2621.271446494934,2478.8716893101505,2543.38989983436
TR-046241,2025-10-20,1205.46,1218.8402478815112,1220.7078707186595,1216.972625044363,1215.9929510587122
TR-046242,2025-10-20,1314.3,1315.9749105314493,1332.3024324964776,1299.647388566421,1309.213720584834
TR-046243,2025-10-20,1570.88,1587.1020468661711,1577.6589948684762,1596.545098863866,1584.7953004206981
TR-046244,2025-10-20,1391.18,1404.1042086179837,1404.5941757995731,1403.6142414363942,1404.4506541477936
TR-046245,2025-10-20,3513.88,3501.8119562199563,3498.58717407561,3505.036738364303,3494.0977183911045
TR-046246,2025-10-20,1768.2,1770.374082221978,1773.085366352199,1767.662798091757,1764.3050194648015
TR-046247,2025-10-20,1140.79,1204.4505772601626,1208.746302460791,1200.1548520595343,1193.9971093713427
TR-046248,2025-10-20,3582.0,3701.574161840189,3768.096339698561,3635.051983981816,3703.5991628009597
TR-046249,2025-10-20,4426.12,4620.842566937457,4733.6995573415725,4507.985576533342,4639.2886255409085
TR-046250,2025-10-20,846.98,854.8329619156202,865.7254128329288,843.9405109983115,856.4471393928235
TR-046251,2025-10-20,3262.37,3266.1237808218148,3271.281234124794,3260.966327518836,3247.016876695813
TR-046252,2025-10-20,4354.23,4368.062309827268,4407.991250997902,4328.133368656634,4378.199744581993
TR-046253,2025-10-20,4758.16,4698.147485043304,4726.234476291202,4670.060493795406,4679.221916582475
TR-046254,2025-10-20,1497.92,1545.3526218622874,1576.146952283669,1514.5582914409056,1539.9651358774984
TR-046255,2025-10-20,2976.78,3036.811907139807,3065.6701799270663,3007.953634352548,3017.6013934016764
TR-046256,2025-10-20,4264.03,4346.837338781033,4468.209830277975,4225.464847284092,4351.555172787469
TR-046257,2025-10-20,205.02,219.74615829819476,224.39644590329928,215.09587069309026,221.58601473909403
TR-046258,2025-10-20,5651.99,5619.730859566824,5709.93481641532,5529.526902718327,5589.400419325867
TR-046259,2025-10-20,5131.79,5231.114452321906,5406.7383765027425,5055.49052814107,5232.444337942303
TR-046260,2025-10-20,352.82,1712.8129535793246,1710.8874531987815,1714.7384539598677,1701.9066277550214
TR-046261,2025-10-20,3052.75,3016.1796418385484,3029.4018546398565,3002.95742903724,3010.900143377805
TR-046262,2025-10-20,2457.69,2518.198654275691,2534.1656072622004,2502.2317012891813,2513.4877529394016
TR-046263,2025-10-20,1367.22,1417.1494204630267,1458.9732654395486,1375.325575486505,1414.8574061091049
TR-046264,2025-10-20,778.67,764.1805124398848,775.9662304419865,752.394794437783,760.5973616999233
TR-046265,2025-10-20,1166.08,1228.3778660801838,1227.3256233060802,1229.4301088542875,1231.519502284094
TR-046266,2025-10-20,1893.57,1969.7084337822712,2010.6402159828785,1928.776651581664,1965.914903456481
TR-046267,2025-10-20,3891.99,4055.9104540009153,4104.459320175007,4007.361587826824,4048.6416204005463
TR-046268,2025-10-20,1579.23,1571.4670093423867,1583.2084223116556,1559.725596373118,1570.3308120296188
TR-046269,2025-10-20,2759.83,2700.26135946059,2683.174151164113,2717.3485677570666,2696.395915228949
TR-046270,2025-10-20,1146.7,1155.0950331733561,1183.308800100029,1126.8812662466833,1152.553450620002
TR-046271,2025-10-20,1488.97,1530.5226837595778,1570.6397902987103,1490.4055772204456,1530.0607465817188
TR-046272,2025-10-20,5647.19,5765.823726810251,5826.7164971039365,5704.930956516567,5795.876677622409
TR-046273,2025-10-20,3202.7,3282.7717871647556,3296.6046400214686,3268.9389343080425,3290.38858057385
TR-046274,2025-10-20,822.46,851.6949953304106,850.659125522101,852.7308651387202,847.8121819833591
TR-046275,2025-10-20,3652.13,3726.777669690853,3796.4595348720745,3657.095804509632,3722.7274173357796
TR-046276,2025-10-20,2099.75,2114.043802710062,2130.501797314614,2097.5858081055103,2102.362471236457
TR-046277,2025-10-20,3852.49,3851.4077349525023,3878.0636385916728,3824.751831313332,3830.7775369423266
TR-046278,2025-10-20,4740.97,4766.537413026781,4784.250643028299,4748.824183025263,4755.643723976891
TR-046279,2025-10-20,1435.86,1465.2290801992312,1473.5888710932636,1456.869289305199,1465.3007349912414
TR-046280,2025-10-20,3776.77,3865.7220542620025,3936.4111677451688,3795.0329407788367,3870.4378445064776
TR-046281,2025-10-20,1114.5,1102.1683607714822,1105.1784697352468,1099.1582518077178,1101.0093546713929
TR-046282,2025-10-20,1885.05,1861.4731674059585,1864.3237099591336,1858.6226248527835,1870.7331374447672
TR-046283,2025-10-20,1108.88,1120.804170621027,1119.5277903553588,1122.080550886695,1124.033617741436
TR-046284,2025-10-20,236.51,247.11991642145398,248.34937071279393,245.89046213011403,245.39414212966307
TR-046285,2025-10-20,2782.84,2814.546776555024,2852.327400807276,2776.7661523027723,2806.1004174030973
TR-046286,2025-10-20,906.58,896.0947204666882,941.256965423522,850.9324755098542,884.8614828079546
TR-046287,2025-10-20,2757.06,2696.732088274355,2725.59781024484,2667.8663663038706,2682.9079906459087
TR-046288,2025-10-20,1024.01,1049.6454526972852,1052.201634423462,1047.0892709711086,1047.17294585129
TR-046289,2025-10-20,2577.82,2594.312472436204,2603.095906709268,2585.5290381631403,2587.548232172335
TR-046290,2025-10-20,2378.1,2468.668886635397,2499.829387745994,2437.5083855248,2463.4520081727696
TR-046291,2025-10-20,3382.5,3451.7758033898917,3459.808095684463,3443.7435110953206,3445.588158517271
TR-046292,2025-10-20,1836.09,1809.8060446148172,1799.3180373252092,1820.2940519044253,1809.3472131015535
TR-046293,2025-10-20,4000.03,4132.204544214816,4244.652861320123,4019.7562271095107,4104.487817606038
TR-046294,2025-10-20,809.92,811.304389357256,825.9752693253118,796.6335093892003,805.1710712125657
TR-046295,2025-10-20,1291.54,1326.1481926934696,1344.6866248195329,1307.6097605674063,1324.256476993908
TR-046296,2025-10-20,2571.24,2634.2597655818568,2685.2806402585766,2583.238890905137,2630.9176743891694
TR-046297,2025-10-20,861.44,854.4779614212927,877.620793005671,831.3351298369143,845.4430634785272
TR-046298,2025-10-20,3261.52,3461.559767605696,3563.3873918276286,3359.7321433837633,3451.3261119440385
TR-046299,2025-10-20,3466.18,3560.585091475624,3563.446267521808,3557.72391542944,3543.4801382826527
TR-046300,2025-10-20,2155.31,2258.2113463859023,2281.4554148600623,2234.9672779117423,2253.403551701629
TR-046301,2025-10-20,5782.14,5740.227042135297,5823.64284102837,5656.811243242223,5729.870494599194
TR-046302,2025-10-20,4846.66,4953.137597884143,4981.056159797997,4925.21903597029,4941.509034517429
TR-046303,2025-10-20,2839.88,2869.8561048456886,2904.3188723496473,2835.39333734173,2864.7146392203285
TR-046304,2025-10-20,1014.97,1037.4247241717992,1042.438554951146,1032.4108933924524,1030.9116907592818
TR-046305,2025-10-20,2054.25,2151.812337391615,2164.7995603912877,2138.825114391942,2142.4892417020064
TR-046306,2025-10-20,3441.52,3538.515881391073,3570.0120832655625,3507.019679516583,3533.740309582731
TR-046307,2025-10-20,2326.16,2357.3006853321635,2387.199097494795,2327.4022731695322,2354.5211187590367
TR-046308,2025-10-20,2543.87,2626.5429584994,2676.4955155534567,2576.5904014453436,2621.493741636654
TR-046309,2025-10-20,217.22,239.85777773151486,246.6526150384299,233.06294042459982,237.77517052564815
TR-046310,2025-10-21,4765.0,4718.867875347256,4760.113018738029,4677.622731956484,4731.301473649928
TR-046311,2025-10-21,3339.97,3388.5538826055817,3372.651545342408,3404.456219868756,3393.4301609589797
TR-046312,2025-10-21,993.99,994.9030946053641,993.1010091475924,996.7051800631358,997.4194020305956
TR-046313,2025-10-21,5297.75,5232.631680554376,5273.777678636774,5191.485682471976,5209.830995331322
TR-046314,2025-10-21,1519.48,1552.7560814920244,1565.1149997442951,1540.3971632397534,1542.8121349458315
TR-046315,2025-10-21,1564.5,1577.7492255339187,1569.71208788711,1585.7863631807272,1575.378448801339
TR-046316,2025-10-21,3197.15,3249.278598397861,3241.3283607159674,3257.2288360797543,3233.023577135879
TR-046317,2025-10-21,856.63,863.7119732083326,889.1167323916387,838.3072140250264,860.3932039162244
TR-046318,2025-10-21,661.49,657.0575931938411,658.4710497805379,655.6441366071442,652.9040517508016
TR-046319,2025-10-21,5920.98,6132.090893226752,6074.315949082663,6189.865837370842,6130.741724247722
TR-046320,2025-10-21,1842.89,1807.2358087625166,1802.109129856963,1812.3624876680703,1809.8791458267274
TR-046321,2025-10-21,4230.45,4441.489769810859,4458.404161245257,4424.575378376461,4431.319050092457
TR-046322,2025-10-21,679.64,691.7964375790928,697.6156651367512,685.9772100214342,690.578531285408
TR-046323,2025-10-21,1350.69,1348.073745119305,1376.6205780351652,1319.5269122034445,1341.2757370965237
TR-046324,2025-10-21,2179.9,2183.427580378822,2200.985260014622,2165.869900743022,2183.1051630502225
TR-046325,2025-10-21,650.05,642.5855763978616,648.1403132241422,637.0308395715809,639.2888120444507
TR-046326,2025-10-21,1164.1,1167.0920651299812,1157.3338917744957,1176.850238485467,1169.7615585412714
TR-046327,2025-10-21,894.69,906.581063589163,897.8760718757563,915.2860553025698,906.7353134898365
TR-046328,2025-10-21,1093.01,1129.4400481880266,1140.8909684794187,1117.9891278966343,1119.9668597153159
TR-046329,2025-10-21,924.22,936.6735735342661,928.3795831670498,944.9675639014825,936.6391230699151
TR-046330,2025-10-21,882.1,931.5959083222574,949.1808846239841,914.0109320205307,928.1320628006739
TR-046331,2025-10-21,1330.32,1366.1673842117793,1354.8847780691763,1377.4499903543826,1371.8539448377142
TR-046332,2025-10-21,2065.63,2134.2219572541344,2189.5350794938636,2078.908835014405,2134.310477481609
TR-046333,2025-10-21,960.84,978.7164646767313,1008.9385860633586,948.4943432901041,972.5715778522948
TR-046334,2025-10-21,2291.87,2359.1624690383132,2401.573302580539,2316.751635496087,2346.4121454264714
TR-046335,2025-10-21,3093.85,3143.7315412664457,3165.305629951372,3122.1574525815195,3138.1277209613863
TR-046336,2025-10-21,1412.82,1435.2408630500618,1450.7004258611687,1419.781300238955,1441.7872892207888
TR-046337,2025-10-21,1023.6,1074.8123097868597,1109.5447418937058,1040.0798776800136,1069.3707354869211
TR-046338,2025-10-21,279.98,284.1665643812945,283.6390974031472,284.69403135944174,290.5056205337097
TR-046339,2025-10-21,4390.62,4335.710449752202,4371.992665601227,4299.428233903178,4311.113495950907
TR-046340,2025-10-21,2552.75,2530.6888392056794,2520.947837099271,2540.429841312088,2524.8270797873406
TR-046341,2025-10-21,2199.41,2193.8354644151727,2196.368109291091,2191.3028195392544,2184.2522185214093
TR-046342,2025-10-21,2786.26,2786.3339338816427,2805.6364960743567,2767.0313716889286,2776.357058874084
TR-046343,2025-10-21,2759.26,2848.4657572270617,2854.8707411045593,2842.0607733495635,2819.24316137698
TR-046344,2025-10-21,1399.28,1387.5496816471718,1378.0156705826812,1397.0836927116625,1389.8602324230976
TR-046345,2025-10-21,5735.76,5845.697954418972,5872.073868805518,5819.322040032425,5829.237890375856
TR-046346,2025-10-21,2905.85,2920.2173264797457,2933.4838694327595,2906.9507835267314,2915.306953090758
TR-046347,2025-10-21,873.69,896.8166648642475,888.1306676316661,905.5026620968289,896.1179777698571
TR-046348,2025-10-21,2606.58,2586.486423020062,2628.9714490694532,2544.001396970671,2588.671892220954
TR-046349,2025-10-21,1449.76,1533.207697660267,1572.8145043643813,1493.600890956153,1524.5339573715576
TR-046350,2025-10-21,1768.41,1784.4461427186232,1800.9053224060726,1767.9869630311737,1787.6511243345424
TR-046351,2025-10-21,691.16,710.4351607443497,713.7532920251551,707.1170294635442,710.9663616986579
TR-046352,2025-10-21,5460.56,5496.892898107324,5555.818012549141,5437.967783665506,5504.49945469898
TR-046353,2025-10-21,560.6,567.8869912231753,579.793324980065,555.9806574662855,564.5612558359143
TR-046354,2025-10-21,3315.73,3574.9827100209845,3598.0212235504687,3551.9441964915004,3546.7909339683124
TR-046355,2025-10-21,2407.3,2505.273632842583,2547.6707129842553,2462.876552700911,2514.145975473155
TR-046356,2025-10-21,2650.84,2650.9412187926528,2626.182462003179,2675.6999755821266,2634.052020909031
TR-046357,2025-10-21,1512.06,1486.782113835004,1493.2294988257177,1480.3347288442908,1491.7450023349902
TR-046358,2025-10-21,1388.84,1392.0227972972707,1416.9397644921498,1367.1058301023918,1388.6388337811013
TR-046359,2025-10-21,2063.13,2058.773736264595,2056.9500166120724,2060.597455917117,2047.9450047879084
TR-046360,2025-10-21,3377.12,3574.5265203333156,3627.880510230189,3521.1725304364422,3570.3385666131226
TR-046361,2025-10-21,2542.36,2551.958682214422,2545.486128788955,2558.4312356398887,2550.282027589352
TR-046362,2025-10-21,5786.64,5766.124620878728,5834.793724148425,5697.455517609031,5762.214988642675
TR-046363,2025-10-21,4013.23,4000.4367413316454,3999.4750486354897,4001.398434027801,3989.2239307216278
TR-046364,2025-10-21,1182.77,1214.6588725879021,1239.4481392423359,1189.8696059334684,1214.4898645169292
TR-046365,2025-10-21,2264.85,2256.785513187315,2273.085541696586,2240.4854846780436,2253.8302881814625
TR-046366,2025-10-21,2624.82,2641.5541028656185,2661.901581408781,2621.206624322456,2636.6712322221847
TR-046367,2025-10-21,14403.14,4381.877130302491,4377.296402389629,4386.4578582153545,4382.650090420826
TR-046368,2025-10-21,3615.45,3658.4636731427186,3658.4568540083196,3658.4704922771175,3666.0576495747528
TR-046369,2025-10-21,2619.84,2649.04722573935,2634.958418593006,2663.1360328856936,2644.1313881545134
TR-046370,2025-10-21,1068.05,1103.5197460242412,1135.1006072485613,1071.9388847999207,1093.4666619723544
TR-046371,2025-10-21,3466.53,3470.6167995216606,3433.622590768659,3507.6110082746623,3470.7828441467045
TR-046372,2025-10-21,1505.31,1511.1668377328222,1500.8647834658252,1521.468891999819,1514.0593228289358
TR-046373,2025-10-21,1579.25,1560.631423349254,1559.0390835139372,1562.2237631845708,1559.5634018998849
TR-046374,2025-10-21,4247.13,4344.348908309774,4374.691139261002,4314.006677358547,4340.793245267614
TR-046375,2025-10-21,2177.46,2276.585499559966,2346.116707122672,2207.0542919972604,2270.3741798254646
TR-046376,2025-10-21,913.89,916.0863608631719,917.8260101044481,914.3467116218957,912.4754533761167
TR-046377,2025-10-21,2220.12,2346.113329689004,2379.579387118503,2312.647272259505,2352.93978824185
TR-046378,2025-10-21,2065.94,2112.576024498344,2114.626537805799,2110.525511190889,2112.4465373695302
TR-046379,2025-10-21,3139.19,3222.137041812498,3274.0319572103613,3170.242126414635,3216.2924094513896
TR-046380,2025-10-21,350.21,349.9818449754604,352.3604521833648,347.603237767556,356.60566307248837
TR-046381,2025-10-21,1969.61,1967.898080016882,1962.7839962133446,1973.0121638204196,1962.6763660337042
TR-046382,2025-10-21,1734.62,1821.2816794099977,1869.120162341423,1773.4431964785722,1809.209832336984
TR-046383,2025-10-21,3348.55,3337.8406113455612,3325.9189467837477,3349.762275907375,3329.5537067388846
TR-046384,2025-10-21,1207.14,1189.2703773932965,1187.6264428084314,1190.9143119781615,1191.9546425344831
TR-046385,2025-10-21,2235.95,2248.3927235212595,2234.7250525477752,2262.060394494744,2246.2927612616036
TR-046386,2025-10-21,2726.46,2712.7395333602312,2738.4459745295926,2687.03309219087,2708.9806165528926
TR-046387,2025-10-21,1165.49,1219.740732536622,1242.9319892935814,1196.5494757796628,1219.664200840405
TR-046388,2025-10-21,2383.0,2346.465043082231,2372.8859976422855,2320.0440885221774,2341.486032620457
TR-046389,2025-10-21,642.65,657.4848551866082,655.6921299258545,659.2775804473621,655.7366064636149
TR-046390,2025-10-21,3106.83,3102.473229398879,3118.172522036424,3086.7739367613335,3082.0128584201166
TR-046391,2025-10-21,793.99,778.1924358314169,769.0255783595745,787.3592933032593,778.8092884622727
TR-046392,2025-10-21,2652.98,2598.873974453959,2613.4814296488257,2584.266519259092,2586.9996649271934
TR-046393,2025-10-21,395.97,402.0836591191918,397.8346047950055,406.33271344337817,400.35407127092344
TR-046394,2025-10-21,4351.68,4445.024821717774,4511.1685804901745,4378.881062945373,4449.358009424062
TR-046395,2025-10-21,4900.65,4985.706491836005,5013.205626341022,4958.207357330987,4962.881656300042
TR-046396,2025-10-21,806.79,807.3428340269302,804.0369361413617,810.6487319124988,806.9981098978171
TR-046397,2025-10-21,1983.68,1970.5065645381915,1950.27980601192,1990.7333230644626,1973.8171695697804
TR-046398,2025-10-21,1251.21,1240.4450215249844,1244.261095000158,1236.6289480498106,1242.6617751652825
TR-046399,2025-10-21,2168.35,2253.1737157631965,2299.9651494694854,2206.3822820569076,2257.5507458245966
TR-046400,2025-10-21,123.32,689.2495772883801,696.1940051383505,682.3051494384097,689.7537581331145
TR-046401,2025-10-21,1202.82,1199.2474355133136,1192.6750999346284,1205.819771091999,1202.1146402705197
TR-046402,2025-10-21,2559.32,2574.1651413597556,2534.7758644110036,2613.554418308507,2565.78780669507
TR-046403,2025-10-21,4021.92,4083.412208331522,4135.851273990397,4030.9731426726466,4068.495046022754
TR-046404,2025-10-21,2681.19,2740.834340178924,2739.4362671100366,2742.232413247811,2727.2648955874656
TR-046405,2025-10-21,1214.87,1253.0178808710593,1281.8441351497775,1224.191626592341,1250.299773655999
TR-046406,2025-10-21,802.46,831.8658649436509,819.362726123243,844.3690037640587,834.2254855190422
TR-046407,2025-10-21,2216.38,2243.0364490533075,2257.225047215708,2228.8478508909075,2229.285711316903
TR-046408,2025-10-21,2832.47,2886.1637021843926,2901.633197519576,2870.694206849209,2879.7304726740385
TR-046409,2025-10-21,1331.75,1344.6033517334838,1345.633622890815,1343.5730805761525,1345.829078552207
TR-046410,2025-10-21,4764.41,4616.7513393487225,4714.400785640166,4519.101893057278,4658.496428727971
TR-046411,2025-10-21,2618.04,2722.581644667402,2762.2806335072614,2682.8826558275427,2721.1957042488693
TR-046412,2025-10-21,1687.86,1668.768433331375,1689.792449457812,1647.7444172049381,1667.5644223633044
TR-046413,2025-10-21,4184.37,4071.846904673558,4061.454438122078,4082.2393712250378,4052.0125512107466
TR-046414,2025-10-21,2011.67,1999.0459561916955,1996.3448552722573,2001.747057111134,2004.8013730353143
TR-046415,2025-10-21,4893.47,4866.139438606262,4907.4156304149765,4824.863246797548,4868.902144980349
TR-046416,2025-10-21,2747.92,2688.4648498759066,2697.03801588958,2679.891683862233,2687.2507695218374
TR-046417,2025-10-21,3304.22,3291.8935391038676,3317.959946344058,3265.8271318636766,3281.6201341773935
TR-046418,2025-10-21,1742.78,1801.0327661640983,1852.4039603764854,1749.6615719517113,1791.004766270003
TR-046419,2025-10-21,4480.53,4347.779700870093,4373.865033794105,4321.69436794608,4352.1867797555005
TR-046420,2025-10-21,4119.27,4160.491382571228,4239.0779139163615,4081.9048512260943,4175.7732958547695
TR-046421,2025-10-21,1618.05,1646.524404794174,1616.7079301606498,1676.3408794276982,1647.99912341374
TR-046422,2025-10-21,4173.85,4240.809598905941,4213.811896253962,4267.80730155792,4237.790434379274
TR-046423,2025-10-21,1981.96,1995.4724185178939,2062.34234008639,1928.602496949398,1984.1212155038888
TR-046424,2025-10-21,4446.89,4494.147056190255,4511.435045949017,4476.859066431494,4494.400158901363
TR-046425,2025-10-21,1085.97,1094.2956218692736,1088.7557823524219,1099.8354613861254,1101.3235952099913
TR-046426,2025-10-21,2970.76,996.2471235339593,995.2971517154315,997.1970953524872,991.7427270600385
TR-046427,2025-10-21,900.96,905.3956819911482,905.3517793825578,905.4395845997387,909.8529094772803
TR-046428,2025-10-21,886.73,888.2135989262792,913.4232496761389,863.0039481764196,887.7700438570579
TR-046429,2025-10-21,3790.58,3836.9052079687976,3839.338696190193,3834.4717197474024,3848.6062932797677
TR-046430,2025-10-21,1548.2,1590.0595351422694,1588.1339737333135,1591.9850965512253,1585.8091398565653
TR-046431,2025-10-21,2085.41,2101.917010090372,2108.825516431892,2095.0085037488516,2104.3882229252777
TR-046432,2025-10-21,1793.53,1843.290963259238,1861.9630944193502,1824.6188320991257,1834.6028616646358
TR-046433,2025-10-21,1428.25,1440.8189764468607,1454.1483502096441,1427.4896026840772,1438.2002776483632
TR-046434,2025-10-21,2269.47,2255.077538996869,2296.8654331878347,2213.289644805903,2258.588758923574
TR-046435,2025-10-21,3921.97,3937.0175579526012,3931.214277819864,3942.8208380853384,3946.3331644565565
TR-046436,2025-10-21,521.48,529.5525411609915,525.548792754694,533.5562895672891,531.1861841924687
TR-046437,2025-10-21,1046.26,1114.1746100626028,1125.8330675602585,1102.5161525649473,1110.3227924403627
TR-046438,2025-10-21,1497.97,1533.7257808878353,1554.8158141780177,1512.6357475976527,1538.4395884240466
TR-046439,2025-10-21,971.46,975.1852595699365,981.8343358079019,968.5361833319713,969.3584016502698
TR-046440,2025-10-21,3965.03,3950.7094508452437,3987.32473018451,3914.094171505978,3940.428842556241
TR-046441,2025-10-21,1476.03,1478.647100298939,1487.7406894841952,1469.5535111136828,1474.6614373341067
TR-046442,2025-10-21,3213.37,3314.154135293642,3343.775292021895,3284.532978565389,3325.1166295292032
TR-046443,2025-10-21,1882.4,1921.9746237287177,1931.8961990756227,1912.0530483818125,1926.542328909963
TR-046444,2025-10-21,2276.2,2288.2958367120414,2311.1580360864964,2265.4336373375863,2287.692531639433
TR-046445,2025-10-21,3191.38,3183.0512523085586,3197.334414743429,3168.768089873688,3186.4889616922146
TR-046446,2025-10-21,2435.41,2486.185362765696,2473.624528347952,2498.74619718344,2476.1347240458085
TR-046447,2025-10-21,1046.13,1066.737194393906,1079.3546409795783,1054.119747808234,1063.9091104625677
TR-046448,2025-10-21,2198.38,2306.6147201156655,2361.0016266200355,2252.2278136112955,2297.813641133742
TR-046449,2025-10-21,5545.41,5607.771819809531,5630.611626245881,5584.932013373181,5597.345859390833
TR-046450,2025-10-21,4186.26,4541.0837002781345,4579.702982869947,4502.464417686322,4537.554858305493
TR-046451,2025-10-21,978.93,1049.261176321571,1056.2333723447466,1042.288980298395,1039.0791659162041
TR-046452,2025-10-21,693.04,684.9935466671631,688.9365432080685,681.0505501262576,681.0638013475404
TR-046453,2025-10-21,1110.26,1118.0734181539974,1125.6580203219892,1110.4888159860054,1117.4531674593195
TR-046454,2025-10-21,4600.85,4472.876404267485,4496.861242933509,4448.89156560146,4464.092869225072
TR-046455,2025-10-21,3850.44,3899.3170813909246,3914.1923878111656,3884.441774970683,3898.4968076807763
TR-046456,2025-10-21,3724.61,3687.7238939587673,3746.587820347306,3628.8599675702285,3700.172171802239
TR-046457,2025-10-21,1986.47,2010.6713921484734,2010.762981225255,2010.579803071692,2014.354465667196
TR-046458,2025-10-21,2088.18,2099.2450994206692,2117.931652433085,2080.5585464082537,2086.3660220968104
TR-046459,2025-10-21,1708.45,1684.1301573169544,1681.7560840785075,1686.5042305554016,1677.3919117474816
TR-046460,2025-10-21,530.1,527.3823331308118,527.8088957099842,526.9557705516395,530.4701627413392
TR-046461,2025-10-21,5947.51,5830.529203804539,5840.698649258368,5820.35975835071,5807.1938731316695
TR-046462,2025-10-21,3570.86,3697.6826191333944,3704.3265878964553,3691.0386503703335,3712.822250404379
TR-046463,2025-10-21,1307.4,1375.7297548927545,1384.8478168426998,1366.6116929428092,1382.618502593415
TR-046464,2025-10-21,1953.16,1960.1902890795056,1951.4954998754151,1968.8850782835962,1962.1713185626409
TR-046465,2025-10-22,1663.21,1737.5504307645863,1778.4233554622401,1696.6775060669324,1746.6980720026422
TR-046466,2025-10-22,5004.7,5048.031422802209,5052.269736448979,5043.793109155438,5052.359085152842
TR-046467,2025-10-22,3356.83,3286.836111116622,3274.092310672795,3299.5799115604486,3282.3059944718693
TR-046468,2025-10-22,1721.07,1747.9408034381004,1749.0814698258582,1746.8001370503425,1747.6161338019701
TR-046469,2025-10-22,1102.33,1083.1056711849822,1083.725731124839,1082.4856112451253,1080.6640132560383
TR-046470,2025-10-22,3000.82,3041.7781422007893,3074.8073824333233,3008.7489019682553,3049.723170490036
TR-046471,2025-10-22,3408.71,3439.886764636567,3474.882922467146,3404.8906068059887,3452.9339445437713
TR-046472,2025-10-22,301.74,309.04030748398065,304.3902948353688,313.69032013259243,313.62703374496886
TR-046473,2025-10-22,3371.82,3357.3625541171677,3398.4608001817573,3316.2643080525786,3374.9148598305273
TR-046474,2025-10-22,258.37,277.72212497033775,284.51277079510874,270.9314791455668,284.3567549092139
TR-046475,2025-10-22,1236.06,1218.2672289101947,1201.7298956571422,1234.804562163247,1220.8145030660942
TR-046476,2025-10-22,4921.06,4950.7155243926045,4952.8215580858,4948.6094906994085,4964.084964801266
TR-046477,2025-10-22,4096.07,4114.127055164348,4103.210843934391,4125.043266394307,4115.077434012157
TR-046478,2025-10-22,6303.7,6208.899365293563,6218.708095293403,6199.090635293724,6226.753020890448
TR-046479,2025-10-22,1930.36,2012.6761760533282,2011.5696509293925,2013.782701177264,2016.7852958743454
TR-046480,2025-10-22,3892.0,3996.5201082744043,4061.7898265503404,3931.250389998468,4003.129664254967
TR-046481,2025-10-22,712.44,719.0534343208425,719.5797641824294,718.5271044592556,719.2588002679208
TR-046482,2025-10-22,4318.34,4475.844869667225,4522.735732043092,4428.954007291358,4467.194282826013
TR-046483,2025-10-22,2411.85,2387.046686643167,2426.757949733534,2347.3354235528,2389.296072436381
TR-046484,2025-10-22,1988.26,2055.11799101171,2109.4795169011095,2000.7564651223101,2051.3680461942326
TR-046485,2025-10-22,2760.03,2839.6860699292392,2874.7419411152864,2804.6301987431916,2835.5642535129186
TR-046486,2025-10-22,2644.84,2719.642542637827,2734.2793292784318,2705.005755997222,2730.457719460188
TR-046487,2025-10-22,1058.45,1080.8602611455185,1097.968647002789,1063.751875288248,1080.127734558938
TR-046488,2025-10-22,3678.77,3595.572574242415,3581.7176734016625,3609.427475083168,3598.97449970069
TR-046489,2025-10-22,3868.49,3902.0438570781184,3904.5654964219407,3899.522217734296,3889.0374044869586
TR-046490,2025-10-22,1309.84,1370.0964247904408,1418.8671203866083,1321.325729194273,1363.5593432209166
TR-046491,2025-10-22,775.99,801.6063165402004,800.3528635979959,802.859769482405,801.0546197227453
TR-046492,2025-10-22,2155.11,2185.477383236647,2185.218972004914,2185.7357944683795,2180.7250551020607
TR-046493,2025-10-22,2146.27,2282.981095843389,2309.2332154019973,2256.7289762847813,2277.5939542046726
TR-046494,2025-10-22,3629.61,3666.844695271567,3720.9081413347376,3612.7812492083967,3655.229480368146
TR-046495,2025-10-22,1742.47,1741.141411988429,1713.7991526048704,1768.4836713719872,1743.8189101210774
TR-046496,2025-10-22,4523.99,4626.634398411767,4649.166139498285,4604.102657325249,4638.108805316423
TR-046497,2025-10-22,4220.16,4292.950371773549,4341.166520622758,4244.7342229243395,4300.793738784745
TR-046498,2025-10-22,664.29,650.067528894052,647.6224151895675,652.5126425985364,653.328140122499
TR-046499,2025-10-22,1347.83,1321.9070409901112,1329.9062346597182,1313.9078473205043,1319.011559472452
TR-046500,2025-10-22,5551.03,5504.6183936899,5511.244375203839,5497.99241217596,5468.723000498874
TR-046501,2025-10-22,1691.2,1710.7453844398551,1713.5247533287209,1707.9660155509891,1707.4823551164518
TR-046502,2025-10-22,1144.41,1130.2454131696322,1131.4845728865605,1129.0062534527037,1124.4353105665514
TR-046503,2025-10-22,407.52,415.7641901106101,429.8484247652466,401.6799554559736,411.16232999531655
TR-046504,2025-10-22,1455.6,1474.9757826180107,1467.1868869676573,1482.7646782683644,1472.6719687050718
TR-046505,2025-10-22,2043.47,2049.8742762940833,2038.0999638706153,2061.6485887175513,2059.9143828921087
TR-046506,2025-10-22,4995.47,5055.29220151011,5025.773633954218,5084.810769066004,5074.155405520135
TR-046507,2025-10-22,1049.62,1042.3225280370834,1044.3668613825428,1040.2781946916239,1038.9681130369781
TR-046508,2025-10-22,2624.53,2595.9303066277557,2631.2819677162142,2560.578645539297,2604.6915602080617
TR-046509,2025-10-22,2138.6,2279.194804312465,2304.867623594728,2253.5219850302014,2284.6525939702415
TR-046510,2025-10-22,2022.03,2065.975990429486,2025.864627997812,2106.08735286116,2061.606452428401
TR-046511,2025-10-22,780.71,766.4289433838705,759.9974102143997,772.8604765533413,765.3435441095401
TR-046512,2025-10-22,1385.85,1420.6701390606215,1408.351933240987,1432.9883448802561,1418.1513983035684
TR-046513,2025-10-22,1025.05,1064.0513216195407,1067.6715580042005,1060.4310852348808,1068.6507914209012
TR-046514,2025-10-22,4544.18,4579.908779959255,4534.544481429009,4625.273078489502,4584.986348159127
TR-046515,2025-10-22,2853.82,2750.668686545357,2778.8345727402207,2722.5028003504935,2745.719200072754
TR-046516,2025-10-22,2863.43,2883.8240681491857,2898.093916777316,2869.5542195210555,2887.9363638036702
TR-046517,2025-10-22,14784.38,3696.37946084538,3710.4934467734183,3682.265474917341,3707.289573097843
TR-046518,2025-10-22,1045.82,1049.016680448843,1033.6696073778332,1064.3637535198527,1046.0813435315833
TR-046519,2025-10-22,6452.47,6456.751095999345,6480.563208040668,6432.9389839580235,6477.9984499443835
TR-046520,2025-10-22,1636.03,1628.829541057515,1605.0408285339377,1652.6182535810922,1627.9943920301014
TR-046521,2025-10-22,2357.26,2448.4718043481607,2507.369539943495,2389.574068752827,2458.758158417661
TR-046522,2025-10-22,1354.85,1410.1105654985195,1443.3715381406341,1376.8495928564048,1411.3672114008823
TR-046523,2025-10-22,2044.87,2104.2133176739935,2125.9086727253257,2082.517962622662,2088.6158398168745
TR-046524,2025-10-22,1441.9,1434.4200397540098,1422.9739544456017,1445.8661250624177,1439.1327387814522
TR-046525,2025-10-22,4770.79,4889.5205117514415,4920.306147949532,4858.73487555335,4903.398138064089
TR-046526,2025-10-22,1328.25,1345.5734925343604,1361.6968617919974,1329.4501232767234,1345.1668881470473
TR-046527,2025-10-22,3980.59,4068.9215333192747,4121.494267920761,4016.3487987177887,4072.70216238014
TR-046528,2025-10-22,871.19,873.7121603238436,874.5858035984155,872.8385170492717,875.1706709917415
TR-046529,2025-10-22,4028.2,4096.2981557004905,4113.193129336848,4079.4031820641326,4096.158917674998
TR-046530,2025-10-22,2551.19,2490.8468500171803,2495.3668878515955,2486.326812182765,2485.0397969652176
TR-046531,2025-10-22,2642.91,2702.2906156318804,2726.2034980910535,2678.3777331727074,2701.1165160590067
TR-046532,2025-10-22,2143.64,2112.612580322282,2109.118303564087,2116.1068570804778,2116.9242865394854
TR-046533,2025-10-22,3494.61,3440.0387887643965,3465.2517847813397,3414.8257927474538,3447.8180408455337
TR-046534,2025-10-22,542.56,556.3763693352166,568.7264911463329,544.0262475241003,549.9992174834439
TR-046535,2025-10-22,2533.72,2616.5252360004606,2651.1458717277396,2581.904600273181,2615.7997623723622
TR-046536,2025-10-22,5232.81,5260.607857942407,5253.446210204897,5267.769505679916,5260.402730234993
TR-046537,2025-10-22,1309.66,1357.1405385291578,1360.4022975484247,1353.8787795098908,1361.6345737636932
TR-046538,2025-10-22,5006.3,5112.409392050151,5201.936187684361,5022.8825964159405,5111.9120571953235
TR-046539,2025-10-22,1748.43,1733.1757049415364,1735.2174397156207,1731.1339701674522,1728.566142016089
TR-046540,2025-10-22,1983.25,2021.0278468601452,2058.779512039427,1983.2761816808634,2028.097129037537
TR-046541,2025-10-22,5723.31,5700.777409443479,5883.12989312409,5518.424925762868,5694.634601718853
TR-046542,2025-10-22,1560.71,1638.3579267047423,1665.924204384496,1610.7916490249886,1650.430678754878
TR-046543,2025-10-22,2335.15,2370.345321133684,2341.6072729274265,2399.083369339942,2362.7574293619323
TR-046544,2025-10-22,1011.88,1005.3004029613899,1005.8491427421234,1004.7516631806565,1007.4049179115209
TR-046545,2025-10-22,1238.84,1311.4568842994552,1322.6824273406778,1300.2313412582325,1315.443370492876
TR-046546,2025-10-22,4584.52,4764.143015093196,4705.741767658478,4822.544262527914,4725.374494096754
TR-046547,2025-10-22,2942.45,2959.7800835838525,2939.2781778454564,2980.281989322248,2957.2229473032157
TR-046548,2025-10-22,1604.29,1559.8582185046425,1565.1034580664389,1554.612978942846,1562.5344408151618
TR-046549,2025-10-22,3721.16,3789.146796559521,3794.1761670469036,3784.1174260721386,3792.4491501652165
TR-046550,2025-10-22,1185.29,1181.3883236867655,1201.942252608885,1160.8343947646458,1178.7022774107663
TR-046551,2025-10-22,1726.53,1766.5462082304596,1779.5935560709668,1753.4988603899524,1760.804902368338
TR-046552,2025-10-22,2301.62,2362.7477407857896,2353.7240382724312,2371.7714432991484,2370.4301821277936
TR-046553,2025-10-22,1660.06,1710.9090387203964,1705.4915434812167,1716.3265339595762,1724.9917319561118
TR-046554,2025-10-22,1141.94,1161.6094220575674,1160.4797175699678,1162.739126545167,1154.623344979806
TR-046555,2025-10-22,1060.19,1047.053385737976,1037.932374977088,1056.1743964988639,1053.743683670723
TR-046556,2025-10-22,3839.75,3905.576752257376,3894.7168028580286,3916.4367016567235,3923.9555604520256
TR-046557,2025-10-22,1530.79,1610.9341128020992,1626.606454707413,1595.2617708967857,1610.2954543486717
TR-046558,2025-10-22,3652.95,3834.975854190132,3869.038364863269,3800.9133435169947,3834.2877600843854
TR-046559,2025-10-22,2699.39,2774.020815372616,2748.221442997107,2799.820187748125,2773.3884556474964
TR-046560,2025-10-22,3332.52,3295.5661112549847,3296.549380006662,3294.5828425033073,3291.2017763357626
TR-046561,2025-10-22,780.38,776.2594951467329,769.9253147691163,782.5936755243495,776.4891458487442
TR-046562,2025-10-22,3557.23,3661.9889352637574,3703.9382715265883,3620.039599000926,3670.612219371581
TR-046563,2025-10-22,5851.62,5912.876054722212,5898.506808331957,5927.245301112467,5921.030240354603
TR-046564,2025-10-22,651.91,654.5989606157902,659.0919203158631,650.1060009157172,653.2411663446037
TR-046565,2025-10-22,2381.33,2360.2542983248813,2365.617255449457,2354.891341200306,2376.643791462313
TR-046566,2025-10-22,3104.16,3136.2415331833545,3160.134563861157,3112.3485025055525,3144.5416268278013
TR-046567,2025-10-22,2614.42,2745.7207805574526,2804.640926180523,2686.8006349343827,2750.3420405971874
TR-046568,2025-10-22,1229.26,1261.0722115392118,1260.6091499332738,1261.53527314515,1267.3908933181974
TR-046569,2025-10-22,1144.34,1117.1647410064206,1106.1097867697072,1128.2196952431339,1119.689761012274
TR-046570,2025-10-22,1590.58,1610.3718895309403,1594.5340529011442,1626.2097261607362,1615.5715360571157
TR-046571,2025-10-22,4717.8,4865.453851543891,4861.2602341793545,4869.647468908426,4875.602241739329
TR-046572,2025-10-22,6053.36,6030.250875796566,6020.446378323738,6040.055373269395,6064.723980154102
TR-046573,2025-10-22,1631.66,1628.22757122845,1631.6040200378163,1624.8511224190834,1631.8438043837782
TR-046574,2025-10-22,2989.44,3042.4141423777164,3051.746379192623,3033.0819055628103,3037.425077548897
TR-046575,2025-10-22,1851.21,1913.3400230125706,1902.1315261328962,1924.548519892245,1917.4404385810312
TR-046576,2025-10-22,5316.93,5442.5712323941825,5410.586461390168,5474.556003398198,5450.9919643425255
TR-046577,2025-10-22,4696.47,4695.71875498452,4657.2748365922125,4734.162673376827,4692.2080746045
TR-046578,2025-10-22,4048.34,4166.786072521005,4164.87736399636,4168.69478104565,4146.4769484572225
TR-046579,2025-10-22,807.53,788.5436211875217,799.1868765647507,777.9003658102927,788.3848590113024
TR-046580,2025-10-22,1628.52,1589.4755815472313,1585.6161264344046,1593.3350366600582,1597.0327861590363
TR-046581,2025-10-22,3859.48,3813.0670461070977,3778.908137517708,3847.225954696488,3812.1791276808117
TR-046582,2025-10-22,2912.89,2929.4941924508676,2939.19113253294,2919.7972523687954,2912.2170199641405
TR-046583,2025-10-22,4892.72,1549.3493076668708,1551.7387692839889,1546.9598460497527,1551.3227195199443
TR-046584,2025-10-22,4314.84,4322.803777958143,4315.756282923525,4329.851272992761,4326.969391614735
TR-046585,2025-10-22,1322.8,1361.7443547526327,1361.1336295981266,1362.3550799071388,1359.2121667243873
TR-046586,2025-10-22,612.12,598.1300936404891,588.173291194054,608.0868960869243,600.7715907104283
TR-046587,2025-10-22,3585.07,3631.5655460680155,3640.1643001477855,3622.966791988246,3658.1237818563977
TR-046588,2025-10-22,1959.85,1941.5386789746099,1908.0429882938063,1975.0343696554135,1949.061046788314
TR-046589,2025-10-22,2105.22,2058.819303718019,2054.8202525467977,2062.8183548892407,2070.2074400988927
TR-046590,2025-10-22,726.82,725.4162196706627,744.0091354444189,706.8233038969066,727.8892777277855
TR-046591,2025-10-22,1132.13,1157.4466658938686,1145.1537516719118,1169.7395801158257,1161.0007145298791
TR-046592,2025-10-22,2583.27,2590.259385433048,2590.879460780351,2589.6393100857454,2582.477701018118
TR-046593,2025-10-22,873.47,896.2755908541641,920.2081211118624,872.3430605964658,891.5140094460022
TR-046594,2025-10-22,394.73,405.69423929724627,417.68086992789983,393.7076086665927,403.68237215967594
TR-046595,2025-10-22,1211.67,1207.0442090402632,1217.56357687346,1196.5248412070664,1207.0720064819632
TR-046596,2025-10-22,1225.8,1260.421895573796,1253.8326878122143,1267.0111033353776,1264.305256535687
TR-046597,2025-10-22,1670.77,1729.418058114683,1757.8607996206342,1700.9753166087319,1727.6391986069693
TR-046598,2025-10-22,1376.74,1385.1575454424278,1384.380709247269,1385.9343816375867,1387.8895969846526
TR-046599,2025-10-22,513.66,528.8972323958491,539.1976960847552,518.596768706943,530.7996942318827
TR-046600,2025-10-22,1525.01,1512.2117552924815,1523.3734453884142,1501.0500651965488,1513.6696325537923
TR-046601,2025-10-22,2052.74,2035.0350871250903,2018.7677991301084,2051.302375120072,2034.4257176600659
TR-046602,2025-10-22,1720.26,1759.7791829004873,1779.7817839723955,1739.7765818285789,1756.9118664812254
TR-046603,2025-10-22,2343.8,2385.7459868907645,2355.2064335094697,2416.285540272059,2382.1146620060217
TR-046604,2025-10-22,1926.44,1981.9377483764247,2011.5176167047107,1952.3578800481387,1979.0119805341287
TR-046605,2025-10-22,2037.74,2070.3038769936,2036.5710731256265,2104.036680861574,2063.801009527962
TR-046606,2025-10-22,2916.59,2965.338419556405,3006.3001290008087,2924.3767101120006,2968.8879459809814
TR-046607,2025-10-22,2022.85,2091.4891348008487,2097.8168162202346,2085.161453381463,2087.0829315915494
TR-046608,2025-10-22,5664.3,5746.691217981061,5739.648579112103,5753.733856850019,5743.500059820416
TR-046609,2025-10-22,1881.48,1950.7720291209828,1985.5457010200225,1915.998357221943,1938.6048013056318
TR-046610,2025-10-22,1164.69,1177.2664538481317,1171.0813315552298,1183.4515761410337,1171.5983109590113
TR-046611,2025-10-22,804.22,820.4971592147701,835.3922474130301,805.6020710165102,817.3331498824389
TR-046612,2025-10-23,1942.88,2047.2134654325237,2053.476441344784,2040.9504895202638,2048.266817192647
TR-046613,2025-10-23,474.38,455.55065420973403,448.5231226169037,462.57818580256435,456.4905343197469
TR-046614,2025-10-23,7151.41,2239.574446739357,2265.423521000684,2213.72537247803,2252.5437553768506
TR-046615,2025-10-23,5187.81,5619.309010631416,5660.783913784643,5577.834107478188,5611.6255577983975
TR-046616,2025-10-23,1237.21,1233.1000321919337,1230.4282291973875,1235.77183518648,1233.2556034572667
TR-046617,2025-10-23,4052.55,4020.3000101883013,4005.132360068024,4035.4676603085786,4020.2502608528066
TR-046618,2025-10-23,1794.23,1816.309374960414,1823.9236857630278,1808.6950641578005,1824.5994196758695
TR-046619,2025-10-23,4903.84,4898.935536056961,4927.679610306429,4870.191461807493,4949.427554325182
TR-046620,2025-10-23,2588.61,2640.170132024052,2676.990610485885,2603.349653562219,2645.0191156295937
TR-046621,2025-10-23,1006.81,1077.7944738860606,1091.243855063722,1064.345092708399,1075.8010773371159
TR-046622,2025-10-23,2132.94,2135.0522928327905,2162.36588523731,2107.738700428271,2138.8898318571137
TR-046623,2025-10-23,2449.96,2365.896559595348,2422.593736353983,2309.1993828367135,2363.3823509209074
TR-046624,2025-10-23,1644.47,1621.2660820818487,1608.8715625171499,1633.6606016465475,1620.2885074657977
TR-046625,2025-10-23,4481.13,4443.660507303452,4407.91861796922,4479.4023966376835,4439.371419997198
TR-046626,2025-10-23,4032.37,3999.560624071545,3979.739540521432,4019.3817076216587,3993.7762456895907
TR-046627,2025-10-23,4170.26,4194.549207394464,4180.261128375482,4208.837286413445,4204.339291092971
TR-046628,2025-10-23,1009.38,1005.9182714327485,999.8518276613778,1011.9847152041193,1012.593014863982
TR-046629,2025-10-23,4048.53,3986.8950480696567,3999.4135214696284,3974.3765746696845,4014.0104512133003
TR-046630,2025-10-23,1971.47,1925.1582214981477,1905.8078763972258,1944.5085665990698,1919.672270529021
TR-046631,2025-10-23,1011.13,1028.7793069342647,1035.044436925584,1022.5141769429456,1032.3967395494806
TR-046632,2025-10-23,2157.52,2183.5543033954727,2210.7702388302873,2156.3383679606586,2175.5052268764875
TR-046633,2025-10-23,3353.42,3416.039256088802,3393.9755527603493,3438.1029594172555,3439.587355686718
TR-046634,2025-10-23,2241.31,2267.876967121628,2288.723855749018,2247.0300784942374,2267.14846821019
TR-046635,2025-10-23,1890.04,1933.967401591775,1952.9396214015362,1914.9951817820138,1922.915674242448
TR-046636,2025-10-23,1191.43,1170.175783068354,1194.1649670613012,1146.1865990754065,1163.686019392014
TR-046637,2025-10-23,380.11,390.26408902570324,393.4192546350927,387.1089234163137,390.07547223181876
TR-046638,2025-10-23,1158.68,1194.9151877854908,1195.071135316593,1194.7592402543887,1189.3022931050757
TR-046639,2025-10-23,1884.25,1856.2357231410265,1843.2843411978663,1869.187105084187,1860.2056795740182
TR-046640,2025-10-23,2046.68,2034.6862381515775,2021.867950214471,2047.5045260886843,2034.100617751977
TR-046641,2025-10-23,5011.38,4896.032902127934,4871.172538280869,4920.893265975,4905.523216215797
TR-046642,2025-10-23,5139.92,5260.196904838422,5242.810765696433,5277.58304398041,5290.341905457228
TR-046643,2025-10-23,1342.34,1354.4761066285178,1345.5047687995545,1363.4474444574812,1359.1714684415995
TR-046644,2025-10-23,5367.21,5198.52996295423,5249.028543105053,5148.031382803405,5205.121088899687
TR-046645,2025-10-23,4407.32,4458.070395430025,4450.704366434794,4465.4364244252565,4475.07498917684
TR-046646,2025-10-23,910.72,924.0259783617,929.4308526094882,918.6211041139118,925.8835404475101
TR-046647,2025-10-23,1780.1,1854.0364173676749,1856.6756879922827,1851.397146743067,1852.5656834160209
TR-046648,2025-10-23,1003.47,1025.8839204988822,1029.8573229218134,1021.9105180759507,1025.014410067849
TR-046649,2025-10-23,1667.28,1701.7412523024773,1688.3162307232587,1715.1662738816958,1705.2627047257151
TR-046650,2025-10-23,1159.83,1117.18193655116,1116.2624559336023,1118.101417168718,1115.4554176537727
TR-046651,2025-10-23,4641.2,4618.9249749621595,4629.4497278242125,4608.400222100106,4613.900929469906
TR-046652,2025-10-23,2204.92,2251.5358283848295,2281.5414093843347,2221.5302473853244,2266.9109000233457
TR-046653,2025-10-23,1142.58,1158.1048945068464,1140.2408486544432,1175.9689403592495,1165.38273171627
TR-046654,2025-10-23,3071.49,3133.7323103354897,3164.705703519465,3102.7589171515147,3130.374386958198
TR-046655,2025-10-23,363.25,365.9014537406534,365.4148208296343,366.38808665167244,363.2321199729615
TR-046656,2025-10-23,1041.25,1049.6392463842103,1043.4240877511154,1055.8544050173055,1050.436579151995
TR-046657,2025-10-23,206.33,222.28823334109404,230.529680855088,214.04678582710005,223.12704105436802
TR-046658,2025-10-23,1676.94,1760.2637728980562,1781.624432926711,1738.9031128694014,1756.9469950817675
TR-046659,2025-10-23,1745.14,1775.466554538857,1752.4036203705862,1798.5294887071282,1778.0441813076318
TR-046660,2025-10-23,859.39,874.7053874828915,878.8010679928675,870.6097069729155,878.2032489455457
TR-046661,2025-10-23,2021.14,2025.7865298697457,2037.5136557563856,2014.059403983106,2029.2090339671354
TR-046662,2025-10-23,1470.99,1464.210662690301,1479.6962824298814,1448.7250429507205,1469.8302282270508
TR-046663,2025-10-23,1089.06,1091.5270054191851,1094.0784940145415,1088.9755168238285,1094.574174919662
TR-046664,2025-10-23,2824.36,2869.1079027904116,2914.959971052059,2823.255834528764,2887.8954015397467
TR-046665,2025-10-23,1336.62,1342.8186969062967,1345.3655591086128,1340.2718347039806,1348.6683733899752
TR-046666,2025-10-23,2595.2,2673.280491631388,2701.163180228772,2645.3978030340036,2684.9934240983466
TR-046667,2025-10-23,3908.33,3917.9100041393294,3941.326152606832,3894.493855671827,3928.0812255883493
TR-046668,2025-10-23,9305.14,3151.851206322367,3128.402562924006,3175.2998497207286,3127.7260026516196
TR-046669,2025-10-23,2133.09,2142.0898399554885,2142.4237821581723,2141.7558977528047,2152.1041712268034
TR-046670,2025-10-23,2152.1,2178.671336292904,2175.8412463053824,2181.5014262804257,2176.2169070529594
TR-046671,2025-10-23,849.97,3892.5506982153447,3887.65940708218,3897.4419893485087,3905.9896013426733
TR-046672,2025-10-23,2949.86,3012.4586999338085,3005.1733640962975,3019.7440357713194,3016.364978978734
TR-046673,2025-10-23,969.41,950.1147579697983,958.7385986376327,941.490917301964,956.2399704396285
TR-046674,2025-10-23,321.41,314.97739346813603,310.714131155654,319.24065578061806,321.25531249348774
TR-046675,2025-10-23,4139.61,4113.843850999901,4119.246008961082,4108.4416930387215,4121.340357342552
TR-046676,2025-10-23,3197.79,3188.227161954036,3123.426813910999,3253.0275099970736,3194.1124451869655
TR-046677,2025-10-23,1596.29,1590.2062248974682,1587.2113930182925,1593.201056776644,1587.3966903313624
TR-046678,2025-10-23,2167.17,2257.449388302919,2272.4397752752616,2242.459001330577,2258.2116032836448
TR-046679,2025-10-23,1306.45,1345.8451378047548,1353.4739932013215,1338.2162824081881,1352.3189736968748
TR-046680,2025-10-23,1080.08,1052.0656144113611,1054.8382729730126,1049.2929558497096,1054.3717687472445
TR-046681,2025-10-23,1786.5,1832.2519789921973,1863.22976252586,1801.2741954585347,1831.6821545169366
TR-046682,2025-10-23,4514.59,4492.855967011905,4525.288311414544,4460.423622609265,4501.320338942541
TR-046683,2025-10-23,1693.15,1713.8653617961188,1728.1938404846173,1699.5368831076203,1716.1374389683892
TR-046684,2025-10-23,1431.47,1479.8315756103852,1519.9864620899489,1439.6766891308214,1482.8722217708928
TR-046685,2025-10-23,1443.55,1425.098703914162,1425.572363503001,1424.625044325323,1430.0120181172892
TR-046686,2025-10-23,546.54,525.7965921410578,526.4661167540663,525.1270675280491,526.4607202346516
TR-046687,2025-10-23,1462.18,1471.5709580107784,1508.8091797176837,1434.3327363038732,1472.614862508591
TR-046688,2025-10-23,1377.08,1365.4007308785353,1362.9250800810346,1367.8763816760359,1364.3261028573258
TR-046689,2025-10-23,5099.7,5222.931230367109,5301.976416133518,5143.886044600699,5243.349056540339
TR-046690,2025-10-23,4880.25,4698.173763374327,4711.203246219961,4685.1442805286915,4693.102114841578
TR-046691,2025-10-23,3442.11,3438.117807279696,3471.019117407075,3405.216497152317,3455.1395775756428
TR-046692,2025-10-23,3305.45,3267.0634319679057,3241.4039047230526,3292.722959212759,3255.4312846491107
TR-046693,2025-10-23,2266.92,2223.4716003505355,2202.071548258406,2244.871652442665,2241.158127781763
TR-046694,2025-10-23,2714.72,2781.184414150288,2792.359596876287,2770.0092314242893,2784.4632613503018
TR-046695,2025-10-23,1242.06,1224.4994685189663,1232.4832319663706,1216.515705071562,1230.1719674646097
TR-046696,2025-10-23,1845.46,1850.2156929961557,1845.5263281172927,1854.9050578750189,1853.6997274419741
TR-046697,2025-10-23,2500.44,2501.1929332110485,2514.902879465335,2487.4829869567625,2496.383024455541
TR-046698,2025-10-23,413.84,421.4572146723316,413.32504857161643,429.5893807730467,420.08490987843743
TR-046699,2025-10-23,1587.93,1596.0389044094345,1596.8508076015687,1595.2270012173,1600.7828197926583
TR-046700,2025-10-23,1253.74,1279.305861806045,1311.0833754664845,1247.5283481456056,1270.3218069022432
TR-046701,2025-10-23,3568.3,3576.1200411445698,3638.2980749505105,3513.9420073386286,3588.0567694106335
TR-046702,2025-10-23,3088.52,3058.487364938861,3052.109050385558,3064.865679492164,3048.802241596917
TR-046703,2025-10-23,1125.09,1112.9374380951735,1101.1262224161032,1124.7486537742438,1111.6568024913527
TR-046704,2025-10-23,2035.6,2025.5253399877197,1985.120651305632,2065.930028669807,2021.8115361414111
TR-046705,2025-10-23,1169.61,1160.6205612870651,1161.4112713478814,1159.8298512262488,1157.4778530763824
TR-046706,2025-10-23,3717.95,3714.9719815329786,3679.1688694783716,3750.7750935875856,3750.8006954948933
TR-046707,2025-10-23,3829.0,3765.922623325092,3753.3729820738868,3778.4722645762968,3768.2908896898807
TR-046708,2025-10-23,1075.14,1069.0592377060364,1066.2844068885672,1071.8340685235055,1068.4427891917956
TR-046709,2025-10-23,4018.27,4142.135723923937,4152.059185491836,4132.212262356038,4141.749896226037
TR-046710,2025-10-23,1428.98,1375.273309971643,1380.2249743943894,1370.3216455488964,1371.3721665064481
TR-046711,2025-10-23,4100.18,4116.650658614687,4056.056841948012,4177.244475281363,4119.584025032662
TR-046712,2025-10-23,2780.68,2820.396526229785,2847.9302942524737,2792.8627582070962,2808.0470665868756
TR-046713,2025-10-23,1518.72,1482.7182917360574,1475.3642350061218,1490.072348465993,1482.639134033461
TR-046714,2025-10-23,2200.86,2226.4983409269726,2238.4917932898643,2214.5048885640804,2230.00199466526
TR-046715,2025-10-23,2308.44,2287.3782954105786,2273.1542380916744,2301.602352729483,2282.3030787291286
TR-046716,2025-10-23,1109.65,1122.1448156633223,1141.6611216231208,1102.6285097035238,1121.6072416563911
TR-046717,2025-10-23,5354.03,5345.002522408138,5352.903953524986,5337.101091291291,5344.126347969315
TR-046718,2025-10-23,972.57,980.9357363900879,985.15355922016,976.7179135600157,980.6480440024885
TR-046719,2025-10-23,722.84,704.0764647880947,710.7048402055628,697.4480893706263,703.6971768195349
TR-046720,2025-10-23,572.98,1435.8240804951336,1469.248998413483,1402.3991625767842,1440.7429164059727
TR-046721,2025-10-23,921.11,965.9620748465811,983.2371326037526,948.6870170894098,963.5872345387276
TR-046722,2025-10-23,4135.5,4112.554477580596,4076.278255504637,4148.830699656553,4110.681007205349
TR-046723,2025-10-23,5618.27,5470.455962862465,5491.863884881197,5449.048040843733,5452.2608112252765
TR-046724,2025-10-23,612.01,591.7388850790787,597.3445573419904,586.133212816167,591.2973570122317
TR-046725,2025-10-23,1371.1,1405.953264968374,1440.2460413001613,1371.6604886365867,1407.297714485475
TR-046726,2025-10-23,1230.04,1244.0372709719481,1249.5023732622928,1238.5721686816032,1244.6449771103194
TR-046727,2025-10-23,1563.23,1572.8291931926478,1590.1759009129678,1555.482485472328,1572.0817596931943
TR-046728,2025-10-23,4268.73,4284.054875018952,4273.4467118850125,4294.663038152892,4304.466966115775
TR-046729,2025-10-23,2114.63,2204.3200293058644,2223.0369657116084,2185.603092900121,2209.660780154026
TR-046730,2025-10-23,990.67,998.9841171575227,998.8934220032664,999.074812311779,1001.068888433475
TR-046731,2025-10-23,4635.85,1115.5646036699964,1116.1892299610963,1114.9399773788966,1121.8491797951092
TR-046732,2025-10-23,2393.29,2368.2576814892604,2353.4666663719345,2383.0486966065864,2378.9520737390703
TR-046733,2025-10-23,4605.7,4598.633346979401,4624.491060662175,4572.775633296626,4633.99509345269
TR-046734,2025-10-23,4970.7,4982.03743104039,4986.104002943345,4977.970859137436,4993.955558220765
TR-046735,2025-10-23,1245.2,1235.4576252722277,1231.262367158766,1239.6528833856896,1239.3370509625079
TR-046736,2025-10-23,4815.53,4919.493256252674,4956.187316004628,4882.799196500719,4940.817924667049
TR-046737,2025-10-23,1624.97,1630.732793731631,1616.1691680844292,1645.296419378833,1641.3349424792996
TR-046738,2025-10-23,5035.02,5059.257293854853,5056.643946972396,5061.870640737309,5046.944870703979
TR-046739,2025-10-23,1853.8,1901.9352994040587,1885.7066316138573,1918.1639671942603,1909.7240024630369
TR-046740,2025-10-23,3895.0,3909.4935628026847,3897.338559688219,3921.6485659171503,3898.845683956712
TR-046741,2025-10-23,5150.17,5299.145219778381,5302.551275061721,5295.739164495041,5314.672055726973
TR-046742,2025-10-23,1112.23,1138.9138533785256,1152.8898989789595,1124.9378077780916,1138.0193194600795
TR-046743,2025-10-23,654.13,655.4934869227109,661.5902670007401,649.3967068446815,654.5557347457215
TR-046744,2025-10-23,583.45,562.0581088964677,553.9512477646381,570.1649700282974,564.2496975758434
TR-046745,2025-10-23,1596.84,1634.9867818074117,1631.6101404592391,1638.363423155584,1643.581233607486
TR-046746,2025-10-23,3731.56,3689.229792979284,3713.33582844588,3665.123757512688,3710.3550623500946
TR-046747,2025-10-23,863.63,874.8479995515222,873.8736988269438,875.8223002761005,875.1021573632138
TR-046748,2025-10-23,3944.99,3852.4526822098555,3845.6266604887696,3859.2787039309414,3879.843846194102
TR-046749,2025-10-23,2142.57,2179.7686032820216,2147.0854245202713,2212.451782043772,2181.0597283234647
TR-046750,2025-10-23,924.83,915.9782235686346,920.7150688134935,911.2413783237756,918.9946604776328
TR-046751,2025-10-23,2187.86,2225.983906441691,2232.6647174461305,2219.303095437251,2236.325173935904
TR-046752,2025-10-23,4645.48,4548.115589028195,4530.683885597759,4565.54729245863,4557.881073962487
TR-046753,2025-10-23,1480.07,1462.3383895216293,1463.6337243136127,1461.0430547296457,1458.1803192330615
TR-046754,2025-10-23,1706.94,1712.6523727327494,1698.9363467573423,1726.3683987081567,1712.875861634416
TR-046755,2025-10-23,3748.08,3831.5650153088,3790.611081199441,3872.518949418159,3848.9258465560806
TR-046756,2025-10-23,1852.24,1844.452537674056,1825.8985348754916,1863.0065404726204,1846.7567710148487
TR-046757,2025-10-23,2619.79,2650.8457297501527,2626.916984581142,2674.774474919163,2641.7300078030075
TR-046758,2025-10-23,939.94,964.0726504342942,962.9372363807166,965.208064487872,965.8247934393984
TR-046759,2025-10-23,1062.75,1051.9174414668923,1055.5372934938498,1048.2975894399347,1051.3319182392638
TR-046760,2025-10-23,1153.14,1140.7066810342199,1138.3523990553088,1143.0609630131307,1141.813495273202
TR-046761,2025-10-23,3789.36,3875.511542988895,3914.814936803626,3836.208149174164,3897.768395671721
TR-046762,2025-10-23,596.86,595.4358113507152,604.4420494667262,586.4295732347042,592.8237388717523
TR-046763,2025-10-23,3084.04,3031.235419856217,3045.3252445888143,3017.1455951236194,3032.8250837969163
TR-046764,2025-10-23,1255.82,1211.2601912182658,1215.8226553548056,1206.697727081726,1206.068176885507
TR-046765,2025-10-23,1761.27,1788.3091847894052,1832.4484257197705,1744.16994385904,1779.2596772676727
TR-046766,2025-10-23,2288.92,2304.4480215853364,2334.512513165331,2274.3835300053415,2302.7593453171166
TR-046767,2025-10-23,2211.88,2259.391913872452,2269.037479477111,2249.7463482677927,2248.3059691010776
TR-046768,2025-10-24,3003.33,3027.0317861977046,3050.454543631319,3003.6090287640895,3024.036298581952
TR-046769,2025-10-24,3553.74,3526.4203872422286,3579.9322267435123,3472.908547740945,3568.1886721295696
TR-046770,2025-10-24,2133.6,2201.2837972291113,2209.526999780924,2193.0405946772985,2199.6787992081618
TR-046771,2025-10-24,2137.08,2122.8186152980807,2117.3805610504783,2128.256669545683,2126.220945703656
TR-046772,2025-10-24,882.15,885.7093717814803,888.4038780083747,883.0148655545858,882.3030799465312
TR-046773,2025-10-24,568.79,563.5890528476309,565.7222863980792,561.4558192971826,564.9276308277142
TR-046774,2025-10-24,5267.14,5140.215353919017,5276.153300115165,5004.277407722868,5147.833262876895
TR-046775,2025-10-24,5090.24,5383.172529946814,5463.341577360796,5303.003482532833,5393.1064649445725
TR-046776,2025-10-24,842.01,845.3901215621936,854.0692549420709,836.7109881823164,844.4938263632462
TR-046777,2025-10-24,1398.76,1383.3185591597653,1390.027179067574,1376.6099392519568,1382.5151691424835
TR-046778,2025-10-24,537.57,2096.6896418788115,2086.985364272604,2106.393919485019,2089.6201459019385
TR-046779,2025-10-24,3574.44,3634.019016584736,3641.925249405162,3626.1127837643103,3638.6132644139484
TR-046780,2025-10-24,1894.78,1959.2615868632588,1997.9373013465363,1920.5858723799815,1953.3656941735424
TR-046781,2025-10-24,1015.18,1046.3477396222293,1032.8017581977979,1059.8937210466606,1042.0104437773177
TR-046782,2025-10-24,2059.56,2113.0181507408042,2127.124072655564,2098.9122288260446,2107.905609753654
TR-046783,2025-10-24,526.96,547.9392148253241,545.6322609755285,550.2461686751197,548.9865143767095
TR-046784,2025-10-24,1841.3,1795.083091249935,1830.4640269625497,1759.7021555373206,1787.0733396033907
TR-046785,2025-10-24,1316.74,1342.4013758217993,1354.2709037005689,1330.53184794303,1340.8800255024798
TR-046786,2025-10-24,1620.85,1642.6455314228072,1657.6053198140478,1627.6857430315665,1638.88660567595
TR-046787,2025-10-24,1602.69,1656.8086600032066,1679.0237581327888,1634.5935618736246,1656.7862324878774
TR-046788,2025-10-24,1542.94,1527.0441002115285,1532.4190992152246,1521.6691012078322,1529.8208454647875
TR-046789,2025-10-24,1030.9,1041.173076494466,1051.9078304273107,1030.4383225616211,1035.5499253098333
TR-046790,2025-10-24,848.27,844.0005893319141,857.5355144445532,830.4656642192749,843.2811347536542
TR-046791,2025-10-24,1942.11,2013.8745193778245,2042.9409582581306,1984.8080804975186,2013.8025879880547
TR-046792,2025-10-24,1080.16,1069.8030133434995,1076.0323597181746,1063.5736669688247,1066.0998501734043
TR-046793,2025-10-24,539.01,533.3299197943743,532.8426850379387,533.81715455081,533.3548354029109
TR-046794,2025-10-24,1612.83,1596.4003318006166,1578.0165280880117,1614.7841355132214,1598.6158616955313
TR-046795,2025-10-24,1313.54,1308.120618530853,1315.5125448415981,1300.728692220108,1304.4687149766862
TR-046796,2025-10-24,2270.13,2322.0809068549233,2328.002411697692,2316.1594020121543,2324.743769078919
TR-046797,2025-10-24,5919.08,5724.944539037428,5780.981310680844,5668.90776739401,5710.407505075829
TR-046798,2025-10-24,1522.89,1487.3568909692913,1530.917259749204,1443.7965221893785,1488.8832485698385
TR-046799,2025-10-24,4063.42,4093.5483198396787,4109.519277352988,4077.5773623263694,4089.833252622882
TR-046800,2025-10-24,2003.53,2004.4914020632395,2024.2580676976027,1984.7247364288764,2002.8935932344975
TR-046801,2025-10-24,2485.6,2507.746727118608,2497.102405681553,2518.391048555662,2517.6781025443715
TR-046802,2025-10-24,4817.06,4784.605428892983,4850.978529721882,4718.232328064084,4785.190810519074
TR-046803,2025-10-24,5560.64,5593.00597378109,5599.0861018797395,5586.925845682441,5589.142832715088
TR-046804,2025-10-24,786.95,793.463061079486,796.8394308430537,790.0866913159183,788.1545792095972
TR-046805,2025-10-24,831.97,870.7619490300663,860.5566754038558,880.9672226562768,870.8808027198553
TR-046806,2025-10-24,2488.38,2423.9242420586934,2426.1352503965763,2421.713233720811,2429.1680882899345
TR-046807,2025-10-24,3544.56,3505.1537337073887,3562.2139851160523,3448.093482298725,3476.9479499929794
TR-046808,2025-10-24,1578.16,1578.916253981794,1574.8000209650866,1583.0324869985016,1569.8435757531097
TR-046809,2025-10-24,6105.86,5770.350707058776,5808.076121706328,5732.625292411223,5808.213052194451
TR-046810,2025-10-24,4422.7,4268.404836285618,4313.729385420036,4223.0802871512005,4253.669891898001
TR-046811,2025-10-24,2020.54,1951.4302821533963,1984.0880389749166,1918.772525331876,1959.7198732403804
TR-046812,2025-10-24,5842.97,5654.293874112376,5639.813961017576,5668.7737872071775,5686.854266970438
TR-046813,2025-10-24,2829.31,2919.0095897652755,2917.387061015423,2920.6321185151282,2909.6153646438966
TR-046814,2025-10-24,4112.14,4081.043487739952,4060.8323319669817,4101.2546435129225,4074.397273487916
TR-046815,2025-10-24,3326.87,3320.3735200796536,3340.6726448293307,3300.074395329977,3312.561280725553
TR-046816,2025-10-24,2364.43,2373.3185175960807,2409.6274024206014,2337.00963277156,2386.8357706454863
TR-046817,2025-10-24,410.84,420.4371434621262,424.9082726384948,415.9660142857575,415.70793693992704
TR-046818,2025-10-24,1273.33,1229.5819152695558,1231.0425641665006,1228.121266372611,1232.5681388573917
TR-046819,2025-10-24,2496.4,2372.212982489088,2421.9180100214758,2322.5079549567,2378.105402866392
TR-046820,2025-10-24,1930.19,1946.6747372694208,1940.797364196014,1952.5521103428275,1955.583174621756
TR-046821,2025-10-24,2322.58,2355.7073312278562,2363.428153118691,2347.986509337021,2355.0972868246654
TR-046822,2025-10-24,2919.45,2995.768599048911,3052.4607287340177,2939.0764693638034,3005.981494156439
TR-046823,2025-10-24,1032.25,1025.0735903007537,1054.6992889888186,995.4478916126889,1024.0202857814684
TR-046824,2025-10-24,781.04,768.4790720358737,778.6496334593851,758.3085106123623,766.3062270296077
TR-046825,2025-10-24,856.78,852.7072313979957,853.254643249892,852.1598195460995,854.0339537900143
TR-046826,2025-10-24,2152.48,2225.9192083134867,2258.1488528236737,2193.6895638033,2231.1872433666904
TR-046827,2025-10-24,914.61,922.9892671183983,936.8034798933115,909.175054343485,921.1191323699181
TR-046828,2025-10-24,3218.52,3243.010744558572,3233.9149167478536,3252.1065723692905,3249.6809945414857
TR-046829,2025-10-24,1056.33,1073.160111561704,1063.55273649493,1082.767486628478,1082.1859071647527
TR-046830,2025-10-24,247.16,272.3647251581252,287.21724678415336,257.51220353209703,269.6811930007739
TR-046831,2025-10-24,1241.29,1246.5983822494177,1269.4906433459878,1223.7061211528476,1249.2636841264507
TR-046832,2025-10-24,3273.81,3323.9450543106477,3314.651785135279,3333.2383234860163,3330.7522595446508
TR-046833,2025-10-24,2064.72,2061.2725994640277,2074.7693658618055,2047.7758330662496,2053.758983257454
TR-046834,2025-10-24,1351.0,1388.009437213604,1389.6254806537795,1386.3933937734284,1385.624631154532
TR-046835,2025-10-24,2366.54,2402.867090035805,2417.3294679947894,2388.404712076821,2398.1396010699364
TR-046836,2025-10-24,1549.05,1554.797326439709,1546.1637801376094,1563.4308727418086,1555.3097058890762
TR-046837,2025-10-24,1963.48,1935.4825493495846,1937.9222838086805,1933.0428148904887,1938.3009764587998
TR-046838,2025-10-24,2183.37,2201.1844061776073,2231.8117541697366,2170.5570581854777,2211.3700815397297
TR-046839,2025-10-24,4612.68,4446.08134506587,4387.253720284518,4504.908969847223,4436.070056820236
TR-046840,2025-10-24,1146.4,1149.6176458189998,1180.580758784405,1118.6545328535947,1146.0039367870536
TR-046841,2025-10-24,5041.36,5090.524445249206,5116.95849292974,5064.090397568673,5088.647843128223
TR-046842,2025-10-24,4460.36,4564.5091634298615,4570.583650695116,4558.434676164607,4566.808964619511
TR-046843,2025-10-24,2027.34,2056.189511037145,2097.751576679069,2014.627445395221,2055.0121575315166
TR-046844,2025-10-24,906.44,896.1783387584755,902.7694847777948,889.5871927391564,897.1321221895516
TR-046845,2025-10-24,5016.76,5128.709741095394,5171.8947356456165,5085.524746545171,5154.407712822469
TR-046846,2025-10-24,3947.41,4015.41537062905,4087.039586157088,3943.7911551010116,3990.9403098362222
TR-046847,2025-10-24,347.45,330.1136799154892,317.4618234842451,342.76553634673326,339.5845229574149
TR-046848,2025-10-24,1544.49,1508.5901157739331,1516.8169751948296,1500.3632563530368,1506.2910920245804
TR-046849,2025-10-24,2957.02,2897.987122821193,2966.048173548894,2829.926072093493,2897.187973092597
TR-046850,2025-10-24,2004.06,1972.2764496860477,1957.4738293811638,1987.0790699909319,1974.2992983810745
TR-046851,2025-10-24,5197.41,5206.733631258054,5288.719028959026,5124.748233557081,5179.908652144475
TR-046852,2025-10-24,1037.31,1022.420878786358,1022.0659656770207,1022.7757918956953,1028.2532159721982
TR-046853,2025-10-24,4484.15,4566.182741740286,4653.720400191072,4478.645083289499,4573.751447695318
TR-046854,2025-10-24,2182.45,2237.1660599566667,2215.9166566773897,2258.415463235944,2235.1095800121725
TR-046855,2025-10-24,1961.82,1993.4010252982891,2028.2848155497986,1958.5172350467797,1991.5156468082423
TR-046856,2025-10-24,1764.57,1804.142749018135,1799.8846424594067,1808.4008555768633,1808.6333988442773
TR-046857,2025-10-24,3778.16,3749.3491159173527,3776.8082092942477,3721.8900225404573,3760.3233586614347
TR-046858,2025-10-24,4545.43,4612.848921107895,4614.139267385035,4611.558574830755,4618.97599315425
TR-046859,2025-10-24,2828.93,2875.7213730969092,2896.0873854532424,2855.355360740576,2868.0677730276316
TR-046860,2025-10-24,2500.76,2461.5497994815423,2484.919403449394,2438.180195513691,2453.874647810601
TR-046861,2025-10-24,3571.42,3573.5675428189447,3567.965945466963,3579.1691401709263,3572.4423131277354
TR-046862,2025-10-24,1177.33,1224.3070893820586,1237.5593333968925,1211.0548453672245,1223.8836330761733
TR-046863,2025-10-24,2040.47,2083.9307017326237,2104.6644025369164,2063.1970009283305,2079.304324682259
TR-046864,2025-10-24,2075.72,2080.6509710420387,2095.0185826687807,2066.283359415296,2074.3619310426316
TR-046865,2025-10-24,3351.21,3478.300443686461,3520.8251306154257,3435.775756757497,3468.679462026959
TR-046866,2025-10-24,3446.99,3544.1143132507264,3549.327584110904,3538.901042390549,3538.8044125522297
TR-046867,2025-10-24,1019.9,1046.3346430947324,1045.8699776208332,1046.7993085686317,1044.2206983281458
TR-046868,2025-10-24,691.24,706.8449091979555,719.2199597122925,694.4698586836186,707.2718680041351
TR-046869,2025-10-24,721.17,718.4872512624331,722.659887708236,714.3146148166302,717.7900308063679
TR-046870,2025-10-24,4280.56,4387.493762579427,4468.178982616131,4306.808542542723,4387.696615833677
TR-046871,2025-10-24,4269.87,4257.636197439526,4261.840320802207,4253.432074076845,4246.10751118499
TR-046872,2025-10-24,1132.72,1125.822596438943,1151.1427810368293,1100.502411841057,1127.2750435074595
TR-046873,2025-10-24,2543.19,2490.039733493798,2498.5762404698794,2481.503226517716,2494.805308575593
TR-046874,2025-10-24,5106.94,4936.851286194342,4959.443189583268,4914.259382805417,4906.657450167186
TR-046875,2025-10-24,1206.29,1226.0522574108631,1252.8131149166509,1199.2913999050757,1227.1702712735278
TR-046876,2025-10-24,611.2,615.9257201097889,610.7996094000124,621.0518308195653,617.4001670472348
TR-046877,2025-10-24,1821.59,1867.3935819361639,1918.8977371937106,1815.8894266786172,1870.2146812935293
TR-046878,2025-10-24,1352.69,1306.4697096686918,1321.3796989286632,1291.5597204087205,1311.405696610354
TR-046879,2025-10-24,1817.19,1858.5229596703773,1880.962551009479,1836.0833683312756,1870.7549732776495
TR-046880,2025-10-24,2391.6,2398.259817694265,2415.005748809513,2381.5138865790173,2392.9243559066017
TR-046881,2025-10-24,1508.97,1523.391755600976,1520.7462511516947,1526.0372600502571,1522.3684498409548
TR-046882,2025-10-24,2706.87,2740.0825542199855,2761.6686040043323,2718.4965044356386,2747.6253986627435
TR-046883,2025-10-24,1930.36,1923.66543833571,1920.9132834694449,1926.4175932019753,1930.7736583888975
TR-046884,2025-10-24,877.06,868.876522836159,874.3226053059605,863.4304403663576,864.4819752270942
TR-046885,2025-10-24,1760.68,1785.5429134879669,1778.8434326196593,1792.2423943562742,1795.8276142063428
TR-046886,2025-10-24,1657.13,1664.573536656106,1651.2583239508817,1677.8887493613302,1665.7094735986989
TR-046887,2025-10-24,3536.49,3558.7668087462043,3569.4900073220215,3548.043610170387,3567.8148602178308
TR-046888,2025-10-24,1843.39,1797.4251189363486,1796.0058278414676,1798.8444100312295,1799.0088232377116
TR-046889,2025-10-24,2850.6,2778.217816102634,2802.6515957570527,2753.7840364482154,2775.627850069872
TR-046890,2025-10-24,1834.67,1810.4685441621364,1808.0420173320706,1812.895070992202,1817.9477688214197
TR-046891,2025-10-24,2720.09,2677.660196669206,2656.9130140898305,2698.407379248582,2685.674313790554
TR-046892,2025-10-24,4049.7,4209.16670758172,4239.791222934878,4178.542192228563,4253.7731486376815
TR-046893,2025-10-25,2168.46,2215.723330318204,2276.592727224283,2154.853933412124,2211.7659805206385
TR-046894,2025-10-25,824.89,834.7551741485631,821.8436749200446,847.6666733770817,836.1790043957482
TR-046895,2025-10-25,3542.49,3530.9393597269145,3549.0859297342563,3512.7927897195727,3536.5785977440332
TR-046896,2025-10-25,2423.51,2503.9057820243434,2577.114026087675,2430.697537961011,2492.5783823052416
TR-046897,2025-10-25,1054.99,1063.2712512460548,1064.6652678885405,1061.877234603569,1057.2054221678923
TR-046898,2025-10-25,1499.88,1527.306455655878,1572.2418131330664,1482.3710981786892,1513.2388731551227
TR-046899,2025-10-25,1700.4,1681.090990106522,1705.1870760525364,1656.9949041605075,1676.2655568691926
TR-046900,2025-10-25,394.21,378.2254516904612,369.2350664629094,387.2158369180131,378.1455517148885
TR-046901,2025-10-25,1338.77,1336.707129852563,1341.3490039731396,1332.065255731986,1327.568172628318
TR-046902,2025-10-25,519.46,518.011007558842,519.5518468247303,516.4701682929536,515.8264618565545
TR-046903,2025-10-25,506.74,522.8287513934015,536.5593537707534,509.0981490160496,523.0176318357575
TR-046904,2025-10-25,5194.25,5259.5840950425245,5277.490447972344,5241.677742112705,5249.832129364317
TR-046905,2025-10-25,3421.33,3454.889890352157,3443.896200710049,3465.8835799942653,3444.199509867959
TR-046906,2025-10-25,2192.85,2293.0213839825,2315.4404883467096,2270.60227961829,2286.8180327582145
TR-046907,2025-10-25,2772.67,2768.411219134775,2761.0833985969316,2775.7390396726178,2749.987250801166
TR-046908,2025-10-25,858.95,870.680173501395,886.9959141768403,854.3644328259496,868.9754969524112
TR-046909,2025-10-25,3442.24,3531.629745643342,3607.7863758342232,3455.473115452461,3531.353287380961
TR-046910,2025-10-25,4007.86,4052.581177077526,4073.1853720821878,4031.976982072864,4042.558606318114
TR-046911,2025-10-25,3533.47,3609.3927204935235,3602.227994469402,3616.557446517645,3597.987747320346
TR-046912,2025-10-25,5124.21,5281.111982236067,5265.275833324953,5296.948131147181,5264.479228355638
TR-046913,2025-10-25,4082.26,4032.723477571317,4048.7010135485066,4016.7459415941266,4022.5288478600546
TR-046914,2025-10-25,361.46,367.93981606170337,361.8850065920909,373.9946255313159,367.3232689953296
TR-046915,2025-10-25,1753.15,1801.2374938420055,1793.6852036567643,1808.7897840272467,1799.3856288127386
TR-046916,2025-10-25,193.34,714.643852023486,735.8894701971836,693.3982338497885,716.175836052846
TR-046917,2025-10-25,1519.81,1514.2888506746617,1509.5776170358542,1519.0000843134692,1512.906840580778
TR-046918,2025-10-25,2580.8,2571.0338000106417,2577.226538728164,2564.8410612931193,2563.817541820699
TR-046919,2025-10-25,4092.76,4195.532178617022,4187.058797320955,4204.005559913088,4171.0330279124455
TR-046920,2025-10-25,2131.5,2161.7805784202637,2168.395724102128,2155.1654327383994,2154.5294030431064
TR-046921,2025-10-25,3939.01,4031.4307442861636,4048.4454532901345,4014.4160352821923,4025.923430833809
TR-046922,2025-10-25,2286.05,2264.9797267247777,2285.8118603792304,2244.1475930703245,2262.1647903236876
TR-046923,2025-10-25,1223.1,1211.2720258028057,1213.8975344526186,1208.646517152993,1205.2359612984105
TR-046924,2025-10-25,2033.55,2054.9818142262848,2055.1088096128433,2054.8548188397262,2041.2285912359962
TR-046925,2025-10-25,1547.7,1559.783785719751,1569.1320412136913,1550.435530225811,1561.6357243515881
TR-046926,2025-10-25,2775.97,2881.255941278857,2926.098583874393,2836.4132986833206,2874.675994580734
TR-046927,2025-10-25,2267.05,2402.227726720128,2431.8496897376303,2372.605763702625,2386.47413558967
TR-046928,2025-10-25,2285.95,2364.984145224662,2358.2810479396594,2371.6872425096644,2349.212933068452
TR-046929,2025-10-25,1934.56,1978.8399628553677,2038.236925900669,1919.4429998100666,1979.091504269753
TR-046930,2025-10-25,960.9,971.0227363556497,979.8088614404874,962.2366112708121,971.3090502810402
TR-046931,2025-10-25,3321.85,3363.704424148962,3412.3548909880687,3315.053957309855,3361.3900521419555
TR-046932,2025-10-25,2138.88,2140.2211328839917,2130.701579808582,2149.740685959401,2133.4721685342593
TR-046933,2025-10-25,2064.59,2100.2266014471616,2145.467046840157,2054.9861560541667,2086.9899089422483
TR-046934,2025-10-25,5088.39,5195.783890883917,5302.400901833704,5089.1668799341305,5168.661825670937
TR-046935,2025-10-25,1120.58,1170.5290204696441,1192.7852482117846,1148.2727927275037,1171.5275668425393
TR-046936,2025-10-25,3792.49,3807.8668486021297,3825.3558839318966,3790.3778132723633,3791.99959877513
TR-046937,2025-10-25,2333.64,2347.755387208993,2340.0862597013584,2355.4245147166275,2333.416243368071
TR-046938,2025-10-25,1505.32,1548.6434293184566,1557.7054239629038,1539.5814346740094,1544.7378603655357
TR-046939,2025-10-25,2956.38,2989.695777941456,3041.027337194502,2938.364218688411,2990.0492186362994
TR-046940,2025-10-25,1714.9,1726.524451953779,1736.8724315348206,1716.1764723727372,1724.1710671607502
TR-046941,2025-10-25,4096.18,4196.774038733287,4279.933151515018,4113.614925951555,4185.78980750466
TR-046942,2025-10-25,1983.74,1976.1031373566047,1942.174394582807,2010.0318801304027,1985.022821566684
TR-046943,2025-10-25,3072.03,3089.1010683836384,3134.571903650416,3043.6302331168604,3077.2772760465386
TR-046944,2025-10-25,353.74,363.8594219649638,381.5293380666362,346.1895058632914,356.0319769036164
TR-046945,2025-10-25,4059.09,4066.554524135954,4052.695198853855,4080.413849418054,4048.855338189587
TR-046946,2025-10-25,680.55,683.552096159606,682.9426262390901,684.1615660801218,675.180586840436
TR-046947,2025-10-25,887.53,854.8987700065445,856.2198491866861,853.577690826403,854.0240452971
TR-046948,2025-10-25,714.42,739.8786611416689,743.655780867395,736.1015414159427,735.5921172641972
TR-046949,2025-10-25,1673.57,1696.4509108746383,1694.4590736649623,1698.4427480843144,1695.2786550471365
TR-046950,2025-10-25,751.87,755.9150247667255,764.7907771857871,747.0392723476639,751.5830022510751
TR-046951,2025-10-25,1492.31,1482.8266153534967,1501.4883772337155,1464.1648534732778,1477.3413991442276
TR-046952,2025-10-25,1059.77,1055.2976455306198,1061.1795137733307,1049.415777287909,1053.2507481957707
TR-046953,2025-10-25,1370.51,1349.9402987605306,1356.2576810081894,1343.6229165128718,1346.1872882386865
TR-046954,2025-10-25,2252.81,2299.1551602777845,2333.9587595060098,2264.351561049559,2296.9443420234998
TR-046955,2025-10-25,2196.46,2209.922296662842,2196.750355481388,2223.0942378442965,2203.378247172859
TR-046956,2025-10-25,6393.87,6499.637972974672,6515.927319586345,6483.348626362999,6431.296331158821
TR-046957,2025-10-25,1279.85,1299.423917671164,1301.3022770891587,1297.5455582531692,1299.5242299408737
TR-046958,2025-10-25,3198.68,3286.7323177093876,3301.344340553645,3272.1202948651303,3252.83017617534
TR-046959,2025-10-25,2844.94,2874.5251190535378,2894.146403475777,2854.9038346312987,2851.8455622647925
TR-046960,2025-10-25,2515.87,2567.5557661638636,2581.956116469265,2553.155415858462,2543.419450769313
TR-046961,2025-10-25,2616.17,2659.8194558535424,2706.282448195362,2613.356463511723,2652.1118047118794
TR-046962,2025-10-25,2227.13,2216.95121089058,2250.2105168396815,2183.6919049414787,2209.730957578029
TR-046963,2025-10-25,5362.45,5600.822472636544,5677.879371463499,5523.76557380959,5555.2016949082845
TR-046964,2025-10-25,1397.89,1410.1692770480322,1413.0407879670506,1407.297766129014,1406.1015893015779
TR-046965,2025-10-25,876.75,905.0305406724872,930.2039968531502,879.857084491824,897.9672493760074
TR-046966,2025-10-25,2865.13,2846.797483607101,2881.6547843194967,2811.9401828947057,2841.828344656222
TR-046967,2025-10-25,3264.18,3275.8377257573734,3279.06678240058,3272.608669114167,3252.35147934722
TR-046968,2025-10-25,3843.33,3896.6398184557347,3909.790578985086,3883.489057926383,3886.891615524605
TR-046969,2025-10-25,1834.44,1927.8475153427212,1973.2292712047683,1882.4657594806738,1921.428837945969
TR-046970,2025-10-25,1668.77,1637.592229039894,1645.8027405963412,1629.3817174834464,1632.1596994093893
TR-046971,2025-10-25,1873.64,1916.9880234057418,1920.3663800757436,1913.60966673574,1919.7899603498545
TR-046972,2025-10-25,1896.67,1904.590389441827,1917.5379472926365,1891.6428315910177,1908.736350729772
TR-046973,2025-10-25,2854.8,2909.9432109402514,2913.3183844375944,2906.5680374429085,2894.760765155515
TR-046974,2025-10-25,2317.04,2358.810117537814,2379.9302472494614,2337.689987826167,2350.3559047085037
TR-046975,2025-10-25,1347.61,1316.857726910942,1321.156594223627,1312.5588595982565,1322.114067941728
TR-046976,2025-10-25,2020.36,2046.070335239623,2044.6199688785791,2047.520701600667,2039.874512609954
TR-046977,2025-10-25,5504.73,5566.6173068263215,5607.158700330683,5526.07591332196,5523.223420683087
TR-046978,2025-10-25,729.69,741.5211216582459,752.2533230201609,730.7889202963307,740.0783963590769
TR-046979,2025-10-25,287.65,279.95565709766095,261.5315964135063,298.37971778181554,281.78282860435667
TR-046980,2025-10-25,1955.15,4501.733399519973,4551.770359214136,4451.69643982581,4483.85949699927
TR-046981,2025-10-25,2232.83,2293.358398532824,2269.6594602160826,2317.057336849566,2283.280768088882
TR-046982,2025-10-25,4704.57,4772.488384619959,4837.239146586842,4707.737622653077,4765.82881207424
TR-046983,2025-10-25,882.19,891.4189981572479,895.7180819789517,887.1199143355441,890.8176365522486
TR-046984,2025-10-25,927.8,930.1646572242053,932.6875475148018,927.6417669336086,928.5858528865566
TR-046985,2025-10-25,1228.72,1221.3136995594768,1230.1177170194885,1212.5096820994654,1217.0440730379871
TR-046986,2025-10-25,2975.48,3040.614578156862,3082.6019222248856,2998.627234088839,3031.8581009206373
TR-046987,2025-10-25,3145.82,3133.0647792797527,3128.4815504783337,3137.648008081171,3127.932521843818
TR-046988,2025-10-25,2111.77,2062.73517760297,2062.026812964282,2063.4435422416577,2055.021475460433
TR-046989,2025-10-25,999.58,1014.5258683011034,1023.4414588381974,1005.6102777640095,1017.5807269535148
TR-046990,2025-10-25,4468.02,4614.352644887504,4607.317706763293,4621.387583011715,4603.585818236456
TR-046991,2025-10-25,2834.71,2844.8445181529078,2859.1564690482514,2830.532567257564,2840.5124958014912
TR-046992,2025-10-25,3645.57,3808.1284736508005,3919.1872173869824,3697.069729914618,3801.916523192884
TR-046993,2025-10-25,2165.8,2197.096176302086,2198.074242830463,2196.1181097737094,2189.5065453171264
TR-046994,2025-10-25,2232.43,2206.2570294180696,2201.8245406713086,2210.68951816483,2194.461979733647
TR-046995,2025-10-25,2607.9,2593.9858416479174,2602.588330165813,2585.383353130021,2580.4297002413623
TR-046996,2025-10-25,1177.69,1173.6622163361785,1176.1215051627225,1171.2029275096343,1167.4504505897753
TR-046997,2025-10-25,908.07,903.2189701416798,899.3648625953925,907.0730776879673,902.2405020869724
TR-046998,2025-10-25,2156.17,2203.0912170448482,2229.9823503977923,2176.200083691904,2189.5811369541207
TR-046999,2025-10-25,768.23,781.2950870809215,776.3977550823629,786.19241907948,783.111827291882
TR-047000,2025-10-25,1000.2,1000.2156999173919,1007.8957478444755,992.5356519903083,996.5496739918498
TR-047001,2025-10-25,2022.55,2032.4781597207898,2002.4584833200574,2062.497836121522,2033.1604789777157
TR-047002,2025-10-25,232.16,566.2899783679209,565.185516494399,567.3944402414428,564.4493360933027
TR-047003,2025-10-25,1712.44,1702.9434365571847,1736.595258985062,1669.2916141293074,1691.8691156251593
TR-047004,2025-10-25,1638.62,1620.8790021321915,1609.7652341986511,1631.9927700657322,1618.4830785257354
TR-047005,2025-10-25,5783.94,5771.94785234284,5835.3109462768925,5708.584758408787,5743.829561223848
TR-047006,2025-10-25,4325.87,4391.848468646701,4431.954700042616,4351.742237250785,4373.613122626027
TR-047007,2025-10-25,4102.43,4240.500123329226,4366.324267533142,4114.675979125309,4246.334561878636
TR-047008,2025-10-25,2084.15,2185.3775567898847,2248.5376397330756,2122.2174738466933,2184.0001280830656
TR-047009,2025-10-25,2062.62,2025.9679774151275,2030.1835797626572,2021.7523750675978,2024.425909830462
TR-047010,2025-10-25,1514.16,1584.0884737931538,1627.9727739259822,1540.2041736603253,1585.8333384974296
TR-047011,2025-10-25,4488.55,4488.238944161894,4499.882205859857,4476.595682463931,4490.1124174677325
TR-047012,2025-10-25,4502.22,4481.307176165031,4564.683057047992,4397.931295282069,4471.150568939418
TR-047013,2025-10-25,1148.13,1198.6611409830957,1211.4346075970311,1185.8876743691603,1197.261781199039
TR-047014,2025-10-25,1550.93,1503.3855492118805,1515.2340700314892,1491.537028392272,1500.8313017000698
TR-047015,2025-10-25,621.03,624.3489380691349,631.658482326806,617.0393938114637,624.7750044759523
TR-047016,2025-10-25,1630.48,1648.5601171176816,1650.9425061755753,1646.1777280597878,1647.5667655521474
TR-047017,2025-10-25,503.56,500.04662180814495,503.6237143537946,496.4695292624953,499.6726077228966
TR-047018,2025-10-25,3910.78,4019.331357139121,4071.4571320063947,3967.2055822718476,4011.875019509027
TR-047019,2025-10-25,3313.8,3395.5727811484076,3425.644770275017,3365.5007920217986,3374.9318755610057
TR-047020,2025-10-25,705.41,713.3933068196769,724.8860819663967,701.9005316729572,709.1890634375006
TR-047021,2025-10-25,3831.16,3797.580658624409,3828.0209809016965,3767.1403363471213,3773.9064557046504
TR-047022,2025-10-25,3677.44,3646.0269641385507,3656.7993836537603,3635.254544623341,3623.5237935000387
TR-047023,2025-10-25,3306.69,3280.8278749262986,3293.483472128894,3268.1722777237032,3269.617588195003
TR-047024,2025-10-25,1086.2,1140.3719715615264,1181.473474627521,1099.2704684955318,1126.4205012303432
TR-047025,2025-10-25,809.72,827.4056358430106,826.33907798519,828.4721937008312,825.1970802487658
TR-047026,2025-10-25,1850.22,1884.3873090002294,1860.277379824168,1908.4972381762907,1882.221988546414
TR-047027,2025-10-25,3629.01,3803.080675700041,3861.6981266041794,3744.463224795902,3794.5484666462767
TR-047028,2025-10-25,1753.44,1777.4119900153137,1778.9096103533823,1775.914369677245,1775.3100169590366
TR-047029,2025-10-25,4322.72,4402.876015688522,4416.706293101892,4389.045738275151,4393.836989881737
TR-047030,2025-10-25,2545.72,2550.7684981138036,2575.248076309118,2526.288919918489,2539.1937877573755
TR-047031,2025-10-25,1831.3,1852.0039603123328,1883.110582710305,1820.8973379143608,1846.9455861377728
TR-047032,2025-10-25,2527.94,2578.909332761599,2591.25325192125,2566.565413601949,2562.6747005815873
TR-047033,2025-10-25,2811.06,2836.7537520208657,2899.7930282288103,2773.714475812921,2833.1751946465474
TR-047034,2025-10-25,2014.89,2022.7828991576048,2042.0555650896315,2003.5102332255778,2022.0245770837882
TR-047035,2025-10-25,2753.01,2751.2061903120775,2798.790907888983,2703.6214727351726,2739.3229012796764
TR-047036,2025-10-25,638.47,654.7377873425315,671.8638111669994,637.6117635180636,650.5733652682985
TR-047037,2025-10-25,1552.97,1599.6280586174012,1596.3764801924974,1602.8796370423051,1596.1261302299981
TR-047038,2025-10-25,2860.54,2890.437950040465,2962.289234378121,2818.5866657028087,2885.597597744668
TR-047039,2025-10-25,1000.42,972.7313739817521,972.6003654072296,972.8623825562746,973.7394756675844
TR-047040,2025-10-25,1423.75,1470.3711954945443,1495.837641521495,1444.9047494675935,1475.3156214179894
TR-047041,2025-10-25,550.15,584.6144086043824,600.7330195443341,568.4957976644308,581.9588229301366
TR-047042,2025-10-25,3613.02,3641.5929913577047,3649.041057966047,3634.144924749362,3634.0387323234813
TR-047043,2025-10-25,3992.29,4019.4256986304363,4008.399345003796,4030.452052257076,3985.4481929946523
TR-047044,2025-10-25,820.69,811.6037839044241,826.0490639364929,797.1585038723551,812.0801185059961
TR-047045,2025-10-25,1142.57,1168.8227792750718,1174.1840124857663,1163.4615460643774,1163.3885406871555
TR-047046,2025-10-25,1583.21,1562.6764745625906,1569.9108747594705,1555.4420743657106,1556.924082710671
TR-047047,2025-10-25,904.35,902.9679191206153,899.6281428465578,906.3076953946728,900.2248699116499
TR-047048,2025-10-25,856.49,832.8157308315895,839.4121081052634,826.2193535579156,833.2663448329449
TR-047049,2025-10-25,3438.35,3573.3612179779375,3580.6709986109536,3566.051437344921,3552.435761061349
TR-047050,2025-10-25,999.99,1013.3531378158821,1020.3743754332974,1006.3319001984667,1006.3853630638285
TR-047051,2025-10-25,4391.4,4473.0071294035415,4501.733483373781,4444.280775433302,4460.765790398286
TR-047052,2025-10-25,1713.46,1684.0664295756305,1682.7651423493528,1685.367716801908,1678.5345716648853
TR-047053,2025-10-25,4830.23,5015.894141588442,5087.450222990539,4944.3380601863455,5006.138934595913
TR-047054,2025-10-25,3839.87,3737.6306610569377,3765.51750105732,3709.7438210565556,3739.0200022406316
TR-047055,2025-10-25,562.6,563.6901464687583,569.8267414906982,557.5535514468182,562.915904667575
TR-047056,2025-10-25,1876.18,1916.4525883567364,1900.7540826300672,1932.1510940834057,1920.131615550088
TR-047057,2025-10-26,1075.78,1101.0283030259113,1091.4875061487746,1110.569099903048,1097.923810492423
TR-047058,2025-10-26,467.14,510.23257141561146,530.4287540691977,490.0363887620253,506.4602910711121
TR-047059,2025-10-26,2669.92,2677.9317536281487,2646.818993135451,2709.0445141208465,2658.928548001124
TR-047060,2025-10-26,2629.73,2741.4456039714246,2788.8305297485326,2694.0606781943166,2736.1529896111597
TR-047061,2025-10-26,2729.68,2793.0511321369577,2804.4759867428684,2781.6262775310465,2776.7365608065707
TR-047062,2025-10-26,2785.11,2806.85964788997,2849.65441908316,2764.0648766967793,2792.4648442776033
TR-047063,2025-10-26,1877.18,1966.9538731566554,2007.5664189949662,1926.3413273183448,1971.0197303722207
TR-047064,2025-10-26,1208.17,1220.54905370877,1210.5807643762132,1230.517343041327,1218.064938643418
TR-047065,2025-10-26,2493.38,2521.618363874896,2514.7442553281007,2528.4924724216917,2522.976939362758
TR-047066,2025-10-26,2134.04,2240.3842369794547,2304.318567541024,2176.449906417885,2222.365570019867
TR-047067,2025-10-26,5961.73,6193.406064345673,6169.615787456818,6217.1963412345285,6143.804234205898
TR-047068,2025-10-26,1043.04,1027.2177811470522,1034.0212303003113,1020.4143319937931,1021.797692665448
TR-047069,2025-10-26,1604.57,1595.2299331878899,1592.8361934772406,1597.6236728985389,1589.803033961062
TR-047070,2025-10-26,2177.93,2166.9597041195275,2190.6020789560243,2143.317329283031,2158.7234188853563
TR-047071,2025-10-26,2723.05,2686.3000606935557,2691.9711000723296,2680.6290213147818,2678.2004652980872
TR-047072,2025-10-26,2322.67,2360.3958687640898,2371.316391271557,2349.475346256622,2346.5606528329117
TR-047073,2025-10-26,316.19,313.8178296254059,309.8641295244871,317.7715297263248,320.0603098901106
TR-047074,2025-10-26,1538.13,1551.0033400340053,1551.6522713361674,1550.3544087318435,1549.5023805211977
TR-047075,2025-10-26,2218.04,2236.7997018497513,2271.2226279218507,2202.376775777652,2218.1919344507805
TR-047076,2025-10-26,2165.46,2151.3588913849253,2208.0382735481153,2094.6795092217353,2157.467638762709
TR-047077,2025-10-26,796.48,794.6954388803335,795.0173627957914,794.3735149648758,796.2904665681119
TR-047078,2025-10-26,1035.14,1098.5848138901024,1129.571279904755,1067.5983478754495,1087.5807466948304
TR-047079,2025-10-26,4339.62,4318.031778375309,4340.781043426407,4295.2825133242095,4314.68836945021
TR-047080,2025-10-26,1204.52,1209.1800016383925,1231.2732048756134,1187.0867984011716,1197.594866161669
TR-047081,2025-10-26,1202.43,1223.490220363242,1209.9444256839374,1237.0360150425468,1221.181204384105
TR-047082,2025-10-26,4601.72,4547.99837572239,4623.564037150327,4472.432714294453,4524.085071380155
TR-047083,2025-10-26,3094.01,3108.218632935618,3120.679093661124,3095.7581722101127,3109.1402195888877
TR-047084,2025-10-26,3508.16,3516.6588231334244,3533.6611388425713,3499.6565074242776,3505.3254477533974
TR-047085,2025-10-26,1173.87,1170.2285292220345,1178.768004562481,1161.6890538815878,1164.5817341751933
TR-047086,2025-10-26,2992.98,3147.5038082575365,3194.62627811259,3100.3813384024825,3145.803971377958
TR-047087,2025-10-26,1221.18,1227.0342717643402,1248.9894053398825,1205.0791381887982,1220.830415318087
TR-047088,2025-10-26,3365.79,3413.083811372019,3441.3045844512426,3384.863038292796,3390.716349423723
TR-047089,2025-10-26,999.35,1039.346873292282,1038.694772092577,1039.998974491987,1034.6946323074717
TR-047090,2025-10-26,716.5,727.044500907648,735.2852277899258,718.8037740253702,727.5114926613676
TR-047091,2025-10-26,3386.88,3391.451136142713,3380.9975735157846,3401.904698769642,3375.019905759693
TR-047092,2025-10-26,4523.93,4620.625419425303,4633.423002774379,4607.827836076228,4608.377002915633
TR-047093,2025-10-26,1609.02,1620.3522981280953,1609.4574353094404,1631.2471609467502,1611.630901950028
TR-047094,2025-10-26,1624.53,1689.5181398575503,1748.308120677375,1630.7281590377256,1685.930933493531
TR-047095,2025-10-26,1310.28,1315.3099388260987,1359.2869683880754,1271.332909264122,1303.403971819007
TR-047096,2025-10-26,576.36,583.1093040453637,585.5855444329211,580.6330636578064,583.3093447541837
TR-047097,2025-10-26,3738.72,3667.79840241699,3729.7473365802684,3605.8494682537116,3637.820366131945
TR-047098,2025-10-26,1184.51,1210.8739305471158,1198.4872340538518,1223.2606270403796,1212.3579192533584
TR-047099,2025-10-26,903.88,902.5053143420773,911.7491825360604,893.2614461480941,901.1388992132371
TR-047100,2025-10-26,1480.21,1492.1480924632324,1488.2352691617468,1496.0609157647182,1485.8690596733022
TR-047101,2025-10-26,1939.16,1908.5040167530406,1903.630611985336,1913.3774215207454,1909.5162906730877
TR-047102,2025-10-26,1586.46,1634.204547803543,1628.5989790212875,1639.8101165857986,1622.1480858713198
TR-047103,2025-10-26,525.86,535.9813254981023,553.0696137036014,518.8930372926033,532.0794007822878
TR-047104,2025-10-26,1096.6,1113.9960435929524,1120.9136988839343,1107.0783883019708,1110.1145716594797
TR-047105,2025-10-26,897.24,908.0493517764661,915.7510775834533,900.3476259694789,904.4579138900897
TR-047106,2025-10-26,3777.14,3977.766366552701,4103.606037736969,3851.9266953684337,3962.611349143456
TR-047107,2025-10-26,1747.26,1754.7429540048443,1759.5789685486257,1749.9069394610626,1755.5398123363198
TR-047108,2025-10-26,3631.71,3694.8943677825523,3697.1516515628136,3692.637084002291,3697.325819631745
TR-047109,2025-10-26,750.84,749.0359236279537,761.9652001746481,736.1066470812592,742.6907134412086
TR-047110,2025-10-26,1947.04,2065.5512614318195,2103.7931199856216,2027.3094028780174,2044.9976313716456
TR-047111,2025-10-26,3150.87,3210.19863323182,3225.5105701955254,3194.886696268115,3188.8035762103036
TR-047112,2025-10-26,2372.96,2453.247019391135,2505.4393466884785,2401.054692093791,2444.334693709224
TR-047113,2025-10-26,1601.61,1600.4331379867065,1616.14636676415,1584.719909209263,1602.2531510729782
TR-047114,2025-10-26,3251.97,3233.4700850402924,3224.8590984803186,3242.0810716002666,3220.649789129061
TR-047115,2025-10-26,1375.7,1374.2172503751117,1374.9511747164468,1373.4833260337764,1375.2883392786405
TR-047116,2025-10-26,4391.77,4486.103294645265,4518.026380925182,4454.180208365348,4451.577054073014
TR-047117,2025-10-26,610.81,631.870588015461,648.8454543239839,614.8957217069379,629.126981927789
TR-047118,2025-10-26,1954.43,1945.4411387596265,1941.5281620169578,1949.3541155022951,1938.2354313378455
TR-047119,2025-10-26,363.75,359.44372783473614,359.5942031303561,359.29325253911617,357.84355985809634
TR-047120,2025-10-26,1581.12,1562.374830358307,1575.4083859927944,1549.3412747238199,1554.2190378686419
TR-047121,2025-10-26,2855.03,2921.842067208721,2942.978554718734,2900.705579698708,2893.987899866613
TR-047122,2025-10-26,2315.97,2315.7726711212385,2296.9697199814204,2334.5756222610567,2307.3142652637307
TR-047123,2025-10-26,1039.88,1069.3459992933222,1107.140922562873,1031.5510760237717,1063.2197057725598
TR-047124,2025-10-26,1768.74,1838.5682931639328,1871.847853161325,1805.2887331665406,1824.281241768927
TR-047125,2025-10-26,4009.09,4013.244088473137,4015.9019615784623,4010.586215367811,3993.2604822023654
TR-047126,2025-10-26,1435.58,1491.1317113399123,1493.6392017356545,1488.6242209441702,1488.8870239919802
TR-047127,2025-10-26,2449.02,2471.7748500675198,2531.081225417811,2412.4684747172287,2453.9474271203326
TR-047128,2025-10-26,3162.5,3209.896383397416,3184.7813358118706,3235.011430982961,3182.9052136814416
TR-047129,2025-10-26,1419.17,1389.7713103697508,1416.5749894367016,1362.9676313028,1386.6630580564151
TR-047130,2025-10-26,1514.44,1490.6698183279996,1492.3826478902424,1488.9569887657565,1484.2147148757876
TR-047131,2025-10-26,1809.27,1865.4840815991997,1867.0544978859753,1863.9136653124244,1854.4270360347884
TR-047132,2025-10-26,4673.35,4777.38947838561,4826.983134564451,4727.795822206771,4784.378284959049
TR-047133,2025-10-26,204.65,223.75440841876417,240.2246501646476,207.2841666728807,222.5046746207869
TR-047134,2025-10-26,3786.22,4030.2377409012734,4147.075637369849,3913.3998444326985,3992.901835931126
TR-047135,2025-10-26,2924.77,3059.6680863485985,3031.816527392095,3087.519645305102,3044.489264650977
TR-047136,2025-10-26,4470.57,4578.903449220781,4661.169559151991,4496.637339289572,4607.725955828639
TR-047137,2025-10-26,2093.28,2213.8829108385744,2240.0058933846253,2187.759928292524,2202.4917774587466
TR-047138,2025-10-26,804.46,800.3976492509374,797.6826597932837,803.1126387085911,800.1826068462397
TR-047139,2025-10-26,1283.69,1314.59247127606,1311.9813607217077,1317.2035818304123,1310.327094423962
TR-047140,2025-10-26,2333.08,2311.8066551439633,2334.3114893169304,2289.3018209709962,2303.0195015528916
TR-047141,2025-10-26,2746.68,2757.580170002527,2810.5382124892035,2704.622127515851,2747.619127246543
TR-047142,2025-10-26,832.66,883.0967236476523,901.696509067416,864.4969382278887,873.6650093969265
TR-047143,2025-10-26,5189.37,5418.919927080633,5463.232196632554,5374.607657528712,5399.030132551006
TR-047144,2025-10-26,2265.6,2200.7723828122203,2247.952192662377,2153.5925729620635,2189.9614988423345
TR-047145,2025-10-26,1134.75,1160.4585363930698,1162.45483122434,1158.4622415617996,1155.3332748355106
TR-047146,2025-10-26,2539.5,2579.5930471854786,2631.728579753621,2527.457514617336,2557.1302714360136
TR-047147,2025-10-26,1265.17,1246.754634211311,1253.8246456403208,1239.6846227823012,1238.8585040533185
TR-047148,2025-10-26,2443.52,2485.43337432455,2487.9055979833934,2482.961150665707,2470.23557645531
TR-047149,2025-10-26,936.09,935.351666655801,937.5459331239545,933.1574001876473,931.3600498580527
TR-047150,2025-10-26,4903.27,5029.200442582744,5038.2970267063165,5020.10385845917,5017.006077056853
TR-047151,2025-10-26,4915.66,4826.342176182396,4853.964862668053,4798.719489696739,4823.202501692047
TR-047152,2025-10-26,690.82,708.2089264864107,711.2217162006074,705.1961367722142,709.6420832367427
TR-047153,2025-10-26,3352.24,3398.9824159446007,3412.827490919957,3385.137340969244,3400.5621196959
TR-047154,2025-10-26,4219.08,4244.998746365451,4299.395545770974,4190.601946959927,4216.626607974218
TR-047155,2025-10-26,1518.42,1515.4818208840502,1526.4028273734793,1504.5608143946208,1511.3152362920937
TR-047156,2025-10-26,2197.26,2160.1857358587004,2173.023467903389,2147.3480038140124,2146.434988967688
TR-047157,2025-10-26,2318.07,2439.673458548612,2465.439521565552,2413.9073955316717,2424.66659641313
TR-047158,2025-10-26,2344.86,2408.753167716802,2466.4557923700386,2351.050543063566,2394.668548812459
TR-047159,2025-10-26,1832.09,1879.0896826717576,1948.529911342276,1809.6494540012395,1879.3589920074464
TR-047160,2025-10-26,2110.46,2234.3403667884177,2282.2443376358087,2186.4363959410266,2217.7393345887003
TR-047161,2025-10-26,2966.79,2964.572588865324,2967.3253648752247,2961.819812855423,2948.186856310525
TR-047162,2025-10-26,1199.79,1194.2194424019544,1198.0976861865022,1190.3411986174065,1194.570690649709
TR-047163,2025-10-26,1790.95,1817.7973400174806,1818.3091596438155,1817.2855203911456,1817.1225612830845
TR-047164,2025-10-26,4273.4,4242.649039446989,4196.977700915194,4288.320377978785,4228.146564850602
TR-047165,2025-10-26,1994.42,2048.680457647361,2080.048310671159,2017.3126046235627,2036.1982574205158
TR-047166,2025-10-26,2375.65,2350.973451799709,2393.5844793495276,2308.3624242498904,2344.6956029042394
TR-047167,2025-10-26,229.4,234.09266003042816,231.74543790195335,236.43988215890298,233.8842770692774
TR-047168,2025-10-26,1825.29,1851.1340308375316,1864.6726229400042,1837.5954387350587,1852.2706238872693
TR-047169,2025-10-26,1150.95,1153.370290021102,1177.046419243824,1129.6941607983802,1147.4120884518784
TR-047170,2025-10-26,2146.33,2185.370416348125,2195.423103065054,2175.3177296311965,2167.730070822703
TR-047171,2025-10-26,754.81,740.5583962725018,749.349238933945,731.7675536110587,739.9608859275198
TR-047172,2025-10-26,490.24,505.88621764031654,517.4102523706649,494.3621829099682,507.4603908499587
TR-047173,2025-10-26,5270.27,5374.328034860889,5382.008458609144,5366.647611112633,5355.579431154322
TR-047174,2025-10-26,1464.49,1419.7574345535604,1434.2535173263088,1405.261351780812,1408.8705710024708
TR-047175,2025-10-26,2065.37,2055.707202466709,2064.406981810292,2047.007423123126,2044.5696470231726
TR-047176,2025-10-26,1798.36,1853.328320776005,1890.8121021247237,1815.8445394272862,1855.9523336212546
TR-047177,2025-10-26,628.05,619.6913932748166,616.6546100769161,622.7281764727172,616.9722015698349
TR-047178,2025-10-26,2205.02,2181.7126950173483,2172.2726695993874,2191.152720435309,2167.588311309195
TR-047179,2025-10-26,1831.61,1836.7326626408492,1858.0591343329977,1815.4061909487007,1837.083260684024
TR-047180,2025-10-26,2346.99,2404.826705207069,2477.5632571470906,2332.0901532670478,2384.5600487451275
TR-047181,2025-10-26,2915.38,2949.5403162805715,2939.114503706652,2959.966128854491,2944.442351969561
TR-047182,2025-10-26,658.0,684.7050748099839,695.058768822136,674.3513807978319,681.534049513757
TR-047183,2025-10-26,4472.38,4511.256170910084,4574.0881356162945,4448.424206203873,4507.538931574258
TR-047184,2025-10-26,2212.41,2218.8820151220866,2269.8503169244627,2167.9137133197105,2208.16402510189
TR-047185,2025-10-26,1003.07,1009.7791659451241,1022.6954432245241,996.8628886657241,1005.7690464407689
TR-047186,2025-10-26,2525.13,2588.9310133713666,2660.646821976933,2517.2152047658,2576.7924465970136
TR-047187,2025-10-26,1105.06,1132.0572424127417,1176.208670337676,1087.9058144878074,1115.9976646659088
TR-047188,2025-10-26,1316.35,1358.0573445136022,1381.0434234311267,1335.0712655960776,1360.033966612726
TR-047189,2025-10-26,5248.45,5392.659148983586,5436.387757225727,5348.930540741446,5392.595021964785
TR-047190,2025-10-26,1069.29,1064.1391213764582,1065.9417019003624,1062.3365408525542,1066.6038640813454
TR-047191,2025-10-26,2366.62,2349.567140367615,2326.8929206475077,2372.2413600877226,2340.4870536722733
TR-047192,2025-10-26,1946.38,2009.9433957946333,2037.7287097280778,1982.1580818611887,2007.800625385716
TR-047193,2025-10-26,2925.5,2900.1689058302954,2915.8721133691633,2884.465698291428,2893.5040841868013
TR-047194,2025-10-26,2284.63,2253.4662906613958,2269.5090689693125,2237.4235123534786,2249.9948531390824
TR-047195,2025-10-26,1422.5,1434.4835467381017,1429.8686354689635,1439.0984580072397,1425.6955599861758
TR-047196,2025-10-26,2401.67,2505.4039080410894,2552.5347048675835,2458.273111214595,2497.213453743293
TR-047197,2025-10-26,327.17,327.0501174089862,330.05202644195634,324.048208376016,328.40395951190584
TR-047198,2025-10-26,1329.96,1353.5489060651685,1356.0203122031874,1351.0774999271498,1352.591900678848
TR-047199,2025-10-26,1020.81,1014.6646260087962,1023.5780799327671,1005.7511720848252,1005.7989202343374
TR-047200,2025-10-26,3684.06,3732.3424470387718,3806.8384618452064,3657.846432232337,3722.2143579247618
TR-047201,2025-10-26,1470.86,1463.4147719324767,1490.4032513506888,1436.4262925142646,1451.5301888231656
TR-047202,2025-10-26,2831.48,3019.4973362254195,3038.0065604875467,3000.988111963293,2977.9031398696125
TR-047203,2025-10-26,4296.46,4240.108147835634,4245.095903449359,4235.120392221908,4223.536441610237
TR-047204,2025-10-26,3567.75,3717.572985022795,3791.0171968047057,3644.128773240884,3689.2677891459066
TR-047205,2025-10-27,2119.21,2130.332644190209,2146.870826348417,2113.794462032002,2129.6466952806645
TR-047206,2025-10-27,1584.08,1694.7262846963413,1732.3291901244374,1657.123379268245,1692.3919813854734
TR-047207,2025-10-27,3084.43,3148.9423350089173,3157.0465563555977,3140.838113662237,3110.9956150173466
TR-047208,2025-10-27,3030.94,3071.3682385496986,3090.1281620456007,3052.608315053797,3063.317396640904
TR-047209,2025-10-27,1576.31,1583.6542150098985,1617.9693784146154,1549.3390516051816,1571.9420948311845
TR-047210,2025-10-27,3628.01,3643.9820714745583,3690.293818318384,3597.670324630732,3633.3867511372
TR-047211,2025-10-27,2322.3,2338.8100946295835,2337.531654883257,2340.08853437591,2335.0495153031893
TR-047212,2025-10-27,2454.04,2511.610669669647,2526.8072814953284,2496.414057843966,2516.859616246618
TR-047213,2025-10-27,4056.14,4101.647993183519,4073.8602489656655,4129.435737401373,4096.004145353221
TR-047214,2025-10-27,1807.01,1877.362379891157,1912.5905730754514,1842.1341867068625,1873.1577686092792
TR-047215,2025-10-27,3782.13,3888.137696147779,3945.0129258675406,3831.2624664280174,3883.8120205637233
TR-047216,2025-10-27,1723.55,1699.8310065474363,1737.8125266939473,1661.8494864009253,1697.5471422438152
TR-047217,2025-10-27,3953.78,4065.25649727589,4145.5589731547025,3984.9540213970777,4050.5487288036197
TR-047218,2025-10-27,1711.52,1727.5362419048129,1775.1850851602276,1679.887398649398,1722.2377984742216
TR-047219,2025-10-27,420.2,447.52047399724773,467.5783245972108,427.4626233972847,443.3026829986694
TR-047220,2025-10-27,610.07,623.2325858544805,629.4038684971188,617.0613032118421,621.568332701971
TR-047221,2025-10-27,2265.35,2306.1068181550836,2327.9161256299008,2284.2975106802664,2294.1591723498154
TR-047222,2025-10-27,2055.67,2035.0857874602825,2058.634392547137,2011.5371823734283,2038.3543368302917
TR-047223,2025-10-27,841.61,888.4849531260991,918.4576242935171,858.512281958681,880.1269617784371
TR-047224,2025-10-27,3190.69,3231.2245875389553,3263.4891949368307,3198.9599801410795,3207.729135910481
TR-047225,2025-10-27,2582.43,2541.718417769359,2592.3093700519635,2491.1274654867543,2530.603571859463
TR-047226,2025-10-27,4550.45,4583.4613516304835,4609.271651328126,4557.651051932842,4610.595483910458
TR-047227,2025-10-27,1076.88,1080.253295694944,1094.1383046804553,1066.3682867094324,1077.1347401651697
TR-047228,2025-10-27,422.77,443.2820064650193,453.05494496276293,433.50906796727566,443.79079111816475
TR-047229,2025-10-27,2037.77,2144.671723301097,2208.3360204845035,2081.00742611769,2137.9200077651385
TR-047230,2025-10-27,1126.61,1134.7494954917718,1156.3842905995964,1113.1147003839471,1131.444560738602
TR-047231,2025-10-27,1358.41,1360.5851644233903,1362.4345921073907,1358.73573673939,1359.085467869144
TR-047232,2025-10-27,1427.86,1446.0028233186624,1445.6393070776223,1446.3663395597025,1447.782345394483
TR-047233,2025-10-27,812.38,842.3958221134695,842.2596397602665,842.5320044666726,838.6980383651786
TR-047234,2025-10-27,788.83,795.0524626418601,801.9097531070161,788.1951721767042,798.2365270560109
TR-047235,2025-10-27,3078.27,3049.5280372883153,3032.436648851403,3066.6194257252278,3028.2648826580407
TR-047236,2025-10-27,344.85,359.6579289648387,374.31019247694917,345.00566545272824,358.42854859876513
TR-047237,2025-10-27,2930.32,2954.638223083308,2959.0657608804895,2950.210685286126,2943.1314152114405
TR-047238,2025-10-27,777.61,776.5506854235266,787.0277794116629,766.0735914353904,774.7164537722075
TR-047239,2025-10-27,1493.29,1536.517868346645,1540.2432777985628,1532.7924588947271,1535.943540519622
TR-047240,2025-10-27,2918.22,2959.9095130509145,3003.5034654821793,2916.3155606196497,2947.279531254412
TR-047241,2025-10-27,2144.64,2277.391046304084,2344.1268382574326,2210.6552543507346,2262.2314371089988
TR-047242,2025-10-27,892.17,888.1978459666113,897.5549561322691,878.8407358009534,885.2945112324987
TR-047243,2025-10-27,2709.66,2789.7150947970167,2809.8283630855185,2769.6018265085154,2782.479804705532
TR-047244,2025-10-27,2232.87,2293.979678946294,2314.295743672533,2273.663614220055,2280.347282102617
TR-047245,2025-10-27,570.97,566.5341603286906,568.969302042395,564.0990186149863,566.4170301739388
TR-047246,2025-10-27,956.7,967.0687959370443,974.0432179756942,960.0943738983946,961.6445251777368
TR-047247,2025-10-27,2367.47,2418.4731255628076,2424.0148306772994,2412.9314204483153,2405.1770607573044
TR-047248,2025-10-27,1881.5,1976.5440773490736,1993.8623056816114,1959.2258490165357,1980.5536288502635
TR-047249,2025-10-27,1101.36,1147.7940469706232,1160.3214528363392,1135.266641104907,1139.1562280730075
TR-047250,2025-10-27,3281.87,3298.995001806273,3309.0094264707986,3288.9805771417477,3284.4962806929175
TR-047251,2025-10-27,3285.09,3252.6297583833243,3267.9001800578876,3237.359336708761,3246.4948404039287
TR-047252,2025-10-27,1487.21,1512.289119796797,1540.4526087436964,1484.1256308498976,1507.6662880341357
TR-047253,2025-10-27,1979.85,1997.7500414989656,2043.845185870441,1951.6548971274904,1995.8908277439243
TR-047254,2025-10-27,2463.55,2450.6730257848867,2437.102807844309,2464.2432437254643,2447.024336070893
TR-047255,2025-10-27,2865.84,2944.381725076097,2952.149760409991,2936.6136897422034,2939.4305182834614
TR-047256,2025-10-27,2200.08,2263.776626555633,2312.8063324342966,2214.7469206769692,2260.2844538907384
TR-047257,2025-10-27,4098.55,4084.7287692101095,4115.337349853919,4054.1201885663004,4085.638977023581
TR-047258,2025-10-27,713.13,712.2470083939189,718.9339445004749,705.5600722873629,709.7642135922713
TR-047259,2025-10-27,1493.65,1552.2587890668378,1601.6695753478568,1502.8480027858188,1540.8486211109864
TR-047260,2025-10-27,4291.12,4390.401162040014,4494.6483084391175,4286.15401564091,4395.048905965568
TR-047261,2025-10-27,5450.63,5533.225318028672,5541.323939377984,5525.126696679359,5517.5853798063035
TR-047262,2025-10-27,3452.83,3629.4049191289287,3671.158061308765,3587.651776949093,3623.9237103873843
TR-047263,2025-10-27,1992.41,1980.9910667462927,1970.423793631037,1991.5583398615486,1982.1420382198808
TR-047264,2025-10-27,781.27,772.7285341327511,784.1880665331792,761.269001732323,767.2776723008569
TR-047265,2025-10-27,1559.38,1591.9574627791862,1602.174171474594,1581.7407540837787,1588.640154021471
TR-047266,2025-10-27,3012.34,3106.3483267996344,3109.900051023736,3102.796602575533,3105.2713710466724
TR-047267,2025-10-27,2001.79,1981.1246912118722,1999.355784532143,1962.8935978916013,1979.565625733884
TR-047268,2025-10-27,4180.37,4213.622271868431,4244.619550925613,4182.62499281125,4203.004596257936
TR-047269,2025-10-27,1008.7,1055.2080115140002,1085.0189256982635,1025.397097329737,1052.689368878383
TR-047270,2025-10-27,1119.83,1071.6496832109187,1083.7527624500267,1059.5466039718108,1075.2953630732386
TR-047271,2025-10-27,5029.22,5201.660631666555,5319.679641601434,5083.6416217316755,5195.276036937154
TR-047272,2025-10-27,485.95,484.85412040897677,483.44255973457274,486.26568108338085,482.06878025471707
TR-047273,2025-10-27,1165.7,1152.7132638825892,1145.2602251854653,1160.166302579713,1154.0233267108983
TR-047274,2025-10-27,2037.11,1983.6551994256715,1980.1557143365485,1987.1546845147946,1981.5506941922322
TR-047275,2025-10-27,5264.57,5242.121861583451,5338.142411227215,5146.101311939687,5215.961443699436
TR-047276,2025-10-27,1992.37,2017.4378467071126,2050.7478100635653,1984.1278833506599,2011.9363774939752
TR-047277,2025-10-27,614.66,602.351852357632,604.4045962622218,600.299108453042,601.6209591249935
TR-047278,2025-10-27,4113.53,4132.532188893916,4205.300025335599,4059.764352452234,4119.34337467496
TR-047279,2025-10-27,4347.35,4579.699250205489,4637.64876269712,4521.749737713858,4566.36616913175
TR-047280,2025-10-27,1962.23,1959.1528757424849,1965.7061800264041,1952.5995714585658,1958.2880130984167
TR-047281,2025-10-27,1179.2,1203.1603097702402,1199.2987910718925,1207.021828468588,1205.9707500535358
TR-047282,2025-10-27,517.3,505.8052538983813,504.9296252667252,506.68088253003737,508.7683969581111
TR-047283,2025-10-27,3901.87,3997.8890903627525,3988.310605160673,4007.467575564832,3982.7795426164453
TR-047284,2025-10-27,783.99,815.917104866759,831.7673451906279,800.06686454289,810.6644821513281
TR-047285,2025-10-27,1658.47,1687.2814644520845,1676.8823336608918,1697.680595243277,1682.3825774597037
TR-047286,2025-10-27,2984.09,2923.940790928017,2926.4988479860262,2921.3827338700075,2898.9094014591838
TR-047287,2025-10-27,292.09,290.79104664809086,293.1733143775703,288.4087789186114,294.11233619340044
TR-047288,2025-10-27,2375.88,2470.369524719962,2490.5165138091706,2450.2225356307536,2464.4012408061435
TR-047289,2025-10-27,4115.51,4379.782806549074,4455.477745117059,4304.0878679810885,4409.948116539588
TR-047290,2025-10-27,2571.32,2556.5357798620544,2524.436337861671,2588.6352218624374,2561.1511740595115
TR-047291,2025-10-27,1138.74,1161.3024310233445,1195.361314922579,1127.2435471241104,1151.4818211856389
TR-047292,2025-10-27,2899.76,3093.915892777214,3168.744573058519,3019.0872124959087,3087.339623945529
TR-047293,2025-10-27,5327.47,5439.009121665613,5471.365807830668,5406.652435500559,5407.2562467688695
TR-047294,2025-10-27,1662.74,1742.3499758071039,1777.1483688209041,1707.5515827933039,1740.4520577549533
TR-047295,2025-10-27,1535.64,1568.5070632128095,1569.7108693206758,1567.3032571049432,1570.7993919541013
TR-047296,2025-10-27,2740.37,2777.7608764482266,2859.9665069580033,2695.5552459384503,2778.9258906621194
TR-047297,2025-10-27,3171.33,3213.8092621278056,3261.260208371365,3166.3583158842466,3203.171838948081
TR-047298,2025-10-27,1657.15,1724.6668281653633,1756.8720403850366,1692.4616159456898,1713.1958571981568
TR-047299,2025-10-27,19110.3,6096.626699674109,6134.161506085353,6059.091893262865,6107.283908121528
TR-047300,2025-10-27,1042.31,1029.5999414769492,1045.1871392938492,1014.0127436600491,1024.945347128103
TR-047301,2025-10-27,4466.18,4642.983034612968,4773.428046787487,4512.53802243845,4638.635677899975
TR-047302,2025-10-27,3304.3,3500.1571221500217,3560.9426955558174,3439.3715487442264,3509.525862508309
TR-047303,2025-10-27,5149.54,5241.399980050073,5234.84720005052,5247.952760049627,5239.5221868369845
TR-047304,2025-10-27,4210.91,4441.982671056725,4482.473600461359,4401.49174165209,4445.71334137522
TR-047305,2025-10-27,4473.29,4579.786013240926,4557.857751587529,4601.714274894323,4559.249408085825
TR-047306,2025-10-27,1837.59,1875.2362869115223,1883.0710779525546,1867.40149587049,1873.4219389165676
TR-047307,2025-10-27,2456.79,2461.6401165006405,2457.451779769943,2465.828453231338,2446.487396075587
TR-047308,2025-10-27,2818.51,2906.7170002297225,2932.8439139655984,2880.5900864938467,2904.6468021682467
TR-047309,2025-10-27,3911.92,4092.708670063216,4219.488946069234,3965.9283940571977,4086.0539867190055
TR-047310,2025-10-27,4311.77,4369.371158926202,4470.107544709514,4268.63477314289,4365.437372613718
TR-047311,2025-10-27,1608.17,1678.8971867716741,1723.7022015677233,1634.0921719756252,1679.810755579732
TR-047312,2025-10-27,5637.98,5675.443040546142,5727.771665532654,5623.114415559629,5649.7340088091
TR-047313,2025-10-27,1728.39,1744.6634450132917,1762.1390352516341,1727.1878547749493,1739.2723846533156
TR-047314,2025-10-27,2008.6,2019.3156108195785,2059.9549257222657,1978.6762959168914,2019.0796546528416
TR-047315,2025-10-27,1564.16,1550.5978906445307,1551.7039995965877,1549.4917816924735,1540.1277252816824
TR-047316,2025-10-27,1320.45,1314.9549692048495,1337.8901153137597,1292.0198230959393,1314.2170315573196
TR-047317,2025-10-27,3409.07,3604.417121050153,3678.8292829564493,3530.004959143857,3607.492403404671
TR-047318,2025-10-27,3084.87,3184.6304272866096,3226.4439495646807,3142.8169050085385,3187.6108833938706
TR-047319,2025-10-27,2904.7,3080.1523665348623,3103.0723295691355,3057.2324035005886,3080.9898809383712
TR-047320,2025-10-27,1355.05,1382.8913233577377,1395.6325464988013,1370.1501002166742,1382.5884135250453
TR-047321,2025-10-27,968.23,982.5718431728324,977.7596435068305,987.3840428388344,979.1045513672302
TR-047322,2025-10-27,2451.68,2443.7409511528604,2424.6492127676183,2462.8326895381024,2449.591933129129
TR-047323,2025-10-27,1040.5,1060.071138159065,1062.7496653344379,1057.3926109836918,1060.071289948149
TR-047324,2025-10-27,1729.69,1776.2467828666936,1789.3648668148658,1763.1286989185214,1776.6194745262255
TR-047325,2025-10-27,2546.21,2512.531026954076,2550.943313100422,2474.1187408077294,2502.3307971742547
TR-047326,2025-10-27,1149.91,1151.5656999006437,1159.2845538746483,1143.8468459266392,1145.255801548407
TR-047327,2025-10-27,1124.24,1117.1799954078786,1107.430665039628,1126.9293257761292,1113.8849758386832
TR-047328,2025-10-27,1078.91,1100.0860439918993,1106.7142057505594,1093.4578822332394,1098.3680646710704
TR-047329,2025-10-27,1082.86,1153.2536222608837,1184.409501794375,1122.0977427273924,1145.4895374010825
TR-047330,2025-10-27,754.18,757.276956837532,773.0289793674401,741.5249343076238,755.6199235853188
TR-047331,2025-10-27,1260.1,1300.1577393894408,1306.923078292158,1293.392400486724,1295.3811893812936
TR-047332,2025-10-27,2947.21,2932.945392005676,2973.1096921264048,2892.781091884947,2927.119036103386
TR-047333,2025-10-27,467.71,470.3467507818825,474.6605608602857,466.03294070347926,470.87266823766294
TR-047334,2025-10-27,1963.72,2009.083009854076,2038.6734204637555,1979.4925992443964,1998.1783491508181
TR-047335,2025-10-27,4254.89,4421.090529864565,4366.587178653187,4475.593881075943,4431.125447903862
TR-047336,2025-10-27,2173.71,2218.640246641412,2279.1124015386113,2158.1680917442122,2213.470319181104
TR-047337,2025-10-27,5916.65,6162.850087297729,6238.880638146313,6086.819536449145,6168.784462971447
TR-047338,2025-10-27,2248.82,2192.6570591247046,2199.4024892090747,2185.911629040334,2181.6639174170346
TR-047339,2025-10-27,1837.42,1909.4816539221322,1951.7881932019911,1867.1751146422732,1891.9192893346967
TR-047340,2025-10-27,1909.42,1944.1106404849966,1942.978718423094,1945.242562546899,1950.471475979399
TR-047341,2025-10-27,969.54,963.5874501357266,961.2516592419413,965.9232410295118,963.0764969726746
TR-047342,2025-10-27,1081.86,1116.9891192685668,1138.5116299705057,1095.4666085666279,1120.188129531208
TR-047343,2025-10-27,880.2,839.9251473441185,846.6698680359752,833.1804266522618,844.2479146571795
TR-047344,2025-10-27,910.03,935.3906590617441,962.7222538490357,908.0590642744527,933.8484883327712
TR-047345,2025-10-27,4879.54,4803.068656006359,4830.868825593899,4775.268486418819,4800.277745907342
TR-047346,2025-10-27,5653.31,5639.020051529665,5744.347293549535,5533.692809509795,5646.6007126778495
TR-047347,2025-10-27,1481.77,1490.3738803790702,1502.8360475208578,1477.9117132372826,1490.2891129033383
TR-047348,2025-10-27,600.37,607.2187846379488,617.5131308161232,596.9244384597744,604.0796349921075
TR-047349,2025-10-27,1181.66,1204.4930403147594,1210.7593793061517,1198.226701323367,1203.1448652379331
TR-047350,2025-10-27,3020.37,3108.4540599187985,3120.6536635909815,3096.254456246615,3104.4423557944046
TR-047351,2025-10-27,1953.54,2013.698751826447,2002.0892695266145,2025.3082341262796,2010.9098460335622
TR-047352,2025-10-27,2506.68,2549.164695797748,2562.6139215501894,2535.7154700453075,2542.9411934048367
TR-047353,2025-10-28,1575.97,1638.1867136566752,1686.6699475771225,1589.7034797362278,1635.1769787391167
TR-047354,2025-10-28,696.47,734.6535757134309,737.9099885138227,731.3971629130392,735.6902676377929
TR-047355,2025-10-28,2128.96,2126.2275903605414,2169.239303452822,2083.215877268261,2124.653080957073
TR-047356,2025-10-28,504.28,490.95959576331944,489.9427604390495,491.9764310875894,491.45009316921556
TR-047357,2025-10-28,3847.37,3774.6698311968994,3766.244963197801,3783.094699195998,3763.7616899441537
TR-047358,2025-10-28,5009.28,5120.406552425869,5193.087681199471,5047.725423652267,5121.520727301527
TR-047359,2025-10-28,2709.64,2819.099606526215,2846.9244463739365,2791.274766678494,2816.1811808945104
TR-047360,2025-10-28,3458.39,3555.1142822760653,3509.399762194908,3600.8288023572227,3558.865460333203
TR-047361,2025-10-28,1718.9,1710.0831717271064,1713.6122802876412,1706.5540631665717,1719.144245187059
TR-047362,2025-10-28,1468.62,1496.2114156215548,1490.536873214723,1501.8859580283868,1494.081070855289
TR-047363,2025-10-28,618.21,642.8977503892971,655.1126945455994,630.6828062329948,644.8160240538414
TR-047364,2025-10-28,1285.55,1318.0780181694067,1326.4442717326322,1309.711764606181,1318.7535881400122
TR-047365,2025-10-28,1391.52,1429.71669235677,1439.063728998389,1420.3696557151509,1433.9873305355964
TR-047366,2025-10-28,1832.71,1869.6142864610763,1934.8860831512034,1804.3424897709492,1859.7867054985038
TR-047367,2025-10-28,2095.3,2132.6435888727246,2148.7251250964346,2116.562052649015,2121.338587898392
TR-047368,2025-10-28,1044.28,1065.2945877027498,1092.3178859041243,1038.2712895013753,1058.7562659448758
TR-047369,2025-10-28,2093.14,2084.835303743349,2095.0833891468587,2074.5872183398387,2073.6769765489944
TR-047370,2025-10-28,888.73,929.5983260270083,939.2147182409883,919.9819338130283,924.652317629424
TR-047371,2025-10-28,3924.86,3896.5514887822246,3964.141785609017,3828.9611919554322,3895.196137456138
TR-047372,2025-10-28,2569.09,2593.995371545773,2671.4850119839975,2516.5057311075493,2593.292320517112
TR-047373,2025-10-28,1998.58,2072.0075027196067,2100.8833410362768,2043.1316644029366,2068.3876908919674
TR-047374,2025-10-28,1234.58,1213.0541471587244,1206.8945956115317,1219.2136987059173,1210.3326338285224
TR-047375,2025-10-28,2035.9,2073.6485520014658,2083.429341414948,2063.867762587983,2081.960330884976
TR-047376,2025-10-28,3597.23,3613.0924008062716,3589.467070505653,3636.7177311068904,3614.4501592967117
TR-047377,2025-10-28,2321.27,2295.926571062494,2281.4062510458048,2310.446891079183,2293.383020556555
TR-047378,2025-10-28,3163.93,3225.286101341605,3239.571343381628,3211.000859301582,3205.4014156093863
TR-047379,2025-10-28,1939.15,1984.5495249742826,2051.4732513883355,1917.6257985602294,1980.1991108063294
TR-047380,2025-10-28,856.65,865.809089088179,866.4269237403889,865.191254435969,866.1569681022825
TR-047381,2025-10-28,4463.62,4534.9437601612735,4576.625060138905,4493.262460183641,4544.3240532758155
TR-047382,2025-10-28,4338.95,4411.887985617643,4461.875492677501,4361.900478557784,4409.796144402488
TR-047383,2025-10-28,1498.89,1534.9947174314211,1533.0192555274707,1536.9701793353713,1529.336729426976
TR-047384,2025-10-28,1571.22,1553.52660116462,1570.068968410176,1536.984233919064,1554.8328108090914
TR-047385,2025-10-28,4355.11,4481.235813325092,4486.131455995333,4476.34017065485,4477.4785411979465
TR-047386,2025-10-28,2270.1,2375.7071560826244,2427.2801152046786,2324.1341969605696,2374.634901970438
TR-047387,2025-10-28,1042.46,1082.2258793955941,1109.7244802373878,1054.7272785538005,1071.3706442298508
TR-047388,2025-10-28,3678.26,3709.5518615093824,3710.7456155801747,3708.3581074385907,3709.809182274612
TR-047389,2025-10-28,1425.24,1417.2652140530408,1433.737942361417,1400.7924857446646,1409.9536279915178
TR-047390,2025-10-28,4745.33,4599.9415781215075,4608.169530359567,4591.713625883448,4610.866054428707
TR-047391,2025-10-28,1405.42,1449.8814917247842,1465.7994726144914,1433.9635108350772,1445.2840908578962
TR-047392,2025-10-28,1120.77,1125.0762163862746,1133.7445499530872,1116.4078828194622,1132.4942276002944
TR-047393,2025-10-28,941.6,931.813805335003,941.7907081640952,921.836902505911,933.3199503224804
TR-047394,2025-10-28,4749.79,4816.027875478122,4907.25655629945,4724.7991946567945,4845.201405975662
TR-047395,2025-10-28,3187.5,3243.792458623415,3234.87975684084,3252.70516040599,3216.535152823667
TR-047396,2025-10-28,3189.23,3226.7688241173546,3268.6396883839607,3184.8979598507485,3225.0632385367303
TR-047397,2025-10-28,656.46,659.0205179246104,660.6311697595155,657.4098660897055,658.155490693948
TR-047398,2025-10-28,2465.88,2568.7410294267816,2590.1866620700303,2547.295396783533,2550.7522334266237
TR-047399,2025-10-28,2112.89,2133.1061420035776,2159.5733748489765,2106.6389091581786,2120.997674384268
TR-047400,2025-10-28,1354.66,1375.9130574677538,1380.4341259633368,1371.3919889721706,1378.1339330714509
TR-047401,2025-10-28,1019.77,1000.6835535754823,1003.9496404516657,997.4174666992989,995.5056524280703
TR-047402,2025-10-28,2754.21,2853.56885932638,2861.9353016636687,2845.202416989091,2856.1465629544577
TR-047403,2025-10-28,5681.27,5867.277789683825,5910.600519964627,5823.955059403023,5853.337339588828
TR-047404,2025-10-28,4655.6,4655.667926740853,4765.653737390515,4545.68211609119,4638.905432332107
TR-047405,2025-10-28,1077.64,1082.7367748053493,1076.7691993843407,1088.7043502263577,1083.753196047186
TR-047406,2025-10-28,2642.51,2638.7174428150834,2637.234972011786,2640.199913618381,2635.543230350152
TR-047407,2025-10-28,3069.81,3140.6373486319953,3150.2093701274,3131.0653271365904,3091.2158433111335
TR-047408,2025-10-28,3993.34,3921.5448418432056,3940.9356848549314,3902.15399883148,3919.214390891956
TR-047409,2025-10-28,1605.8,1571.10586223248,1585.382628101389,1556.8290963635711,1569.4501925548875
TR-047410,2025-10-28,3021.1,3039.3773654015044,3062.432854600309,3016.3218762027,3032.654566152406
TR-047411,2025-10-28,2578.04,2695.785154862324,2741.44502452283,2650.1252852018174,2692.414317321054
TR-047412,2025-10-28,3556.61,3614.5094640475754,3631.325279770676,3597.6936483244754,3618.868233427684
TR-047413,2025-10-28,1183.25,1209.9001016457369,1210.8284207880276,1208.9717825034463,1215.5355366590584
TR-047414,2025-10-28,1176.14,1179.1714871324903,1204.2122183826095,1154.130755882371,1172.461680187454
TR-047415,2025-10-28,5096.63,5159.138080849288,5255.365738266073,5062.910423432502,5169.911775198089
TR-047416,2025-10-28,1591.65,1611.8147435615003,1631.8758567220689,1591.7536304009318,1608.5575734366375
TR-047417,2025-10-28,2284.94,2306.9717242907946,2318.620768082001,2295.3226804995884,2308.8176524836836
TR-047418,2025-10-28,4063.92,4011.128182601909,4031.721388713168,3990.53497649065,4011.9237563199463
TR-047419,2025-10-28,1091.27,1123.4331760249056,1128.7184323458584,1118.1479197039525,1113.6657132692358
TR-047420,2025-10-28,3212.28,3235.20561951175,3224.1007220365273,3246.3105169869723,3204.070693751879
TR-047421,2025-10-28,4325.34,4182.45369737589,4193.20671493674,4171.7006798150405,4174.639731295674
TR-047422,2025-10-28,1022.33,1080.8435899482033,1100.1831883610516,1061.5039915353552,1069.9741182448838
TR-047423,2025-10-28,1600.71,1660.9878424253582,1663.183223768773,1658.7924610819434,1659.9088875242778
TR-047424,2025-10-28,5972.82,5922.658707176755,5922.182429932556,5923.134984420955,5904.324523290174
TR-047425,2025-10-28,4709.46,4771.216797071131,4796.344725095225,4746.0888690470365,4761.055164858095
TR-047426,2025-10-28,3365.06,3466.7875055593495,3552.034366102741,3381.5406450159576,3469.6539333106994
TR-047427,2025-10-28,2540.54,2655.3038158259124,2667.492623212539,2643.115008439286,2656.2655199140454
TR-047428,2025-10-28,993.52,979.4836866037821,984.9143668140133,974.0530063935508,977.0010169719321
TR-047429,2025-10-28,692.88,709.38401163202,701.1645823299374,717.6034409341025,709.6034948821521
TR-047430,2025-10-28,1841.61,1865.11785209632,1885.630876757485,1844.6048274351547,1866.9701961720145
TR-047431,2025-10-28,1806.26,1797.5576325173115,1805.1097171652223,1790.005547869401,1801.5451755430486
TR-047432,2025-10-28,4295.45,4255.012633957121,4323.103023958162,4186.922243956079,4258.959415732683
TR-047433,2025-10-28,1613.18,1676.8233349060536,1683.3592475101361,1670.287422301971,1676.371705266346
TR-047434,2025-10-28,2271.94,2257.5056363114,2259.4623493665185,2255.5489232562813,2247.28264989768
TR-047435,2025-10-28,2060.68,2027.4155773335597,2048.191132902227,2006.6400217648925,2026.7710697474608
TR-047436,2025-10-28,1447.73,1479.141254001413,1497.9197044685948,1460.3628035342315,1484.8443673605561
TR-047437,2025-10-28,1373.08,1426.6074488557565,1459.8004729908314,1393.4144247206816,1417.067673754112
TR-047438,2025-10-28,3974.95,4111.7606605388155,4112.497912618126,4111.023408459504,4115.481422672068
TR-047439,2025-10-28,2686.94,2761.223400367756,2786.5856712313084,2735.8611295042037,2745.6403734683818
TR-047440,2025-10-28,2579.09,2526.073299884224,2534.8847909093984,2517.26180885905,2525.7343778077575
TR-047441,2025-10-28,3125.81,3235.150599195698,3291.6133550773716,3178.687843314024,3244.898770166429
TR-047442,2025-10-28,1760.31,1779.059212070828,1778.7806674848734,1779.3377566567826,1783.0951866278574
TR-047443,2025-10-28,2912.71,2934.9963213443784,2938.6080910897667,2931.38455159899,2934.478311193765
TR-047444,2025-10-28,5224.85,5297.506524759994,5370.76280016373,5224.250249356257,5263.670162341123
TR-047445,2025-10-28,985.67,976.9808493240931,978.9669542459104,974.9947444022758,974.2073704044674
TR-047446,2025-10-28,1465.33,1466.0199945669713,1465.6761055484117,1466.3638835855309,1463.1928940240496
TR-047447,2025-10-28,3575.15,3633.3816322284965,3623.064998479525,3643.6982659774685,3624.697372178049
TR-047448,2025-10-28,3023.55,3042.3403864393385,3075.3063735614505,3009.374399317227,3041.4404420718574
TR-047449,2025-10-28,1474.64,1461.3808896608896,1470.7063794433363,1452.0553998784428,1459.790976197939
TR-047450,2025-10-28,2197.71,2213.4580399106108,2228.8537846840923,2198.0622951371292,2217.849944344038
TR-047451,2025-10-28,1698.45,1682.9853960743812,1692.4594127304172,1673.5113794183455,1692.004439325664
TR-047452,2025-10-28,1540.06,1559.280225097562,1614.6197997104027,1503.9406504847213,1547.8837026442247
TR-047453,2025-10-28,3650.16,3744.525720111432,3743.6186295939233,3745.4328106289404,3737.5349645318747
TR-047454,2025-10-28,4413.94,4338.688002230285,4404.12800514318,4273.247999317389,4331.776840957673
TR-047455,2025-10-28,1871.9,1910.2242979564526,1915.0675441981236,1905.3810517147815,1915.850373148132
TR-047456,2025-10-28,3295.02,3441.137623441424,3510.704487271891,3371.570759610956,3447.897324902344
TR-047457,2025-10-28,2174.2,2210.437627490508,2236.2613886210365,2184.613866359979,2215.436739296728
TR-047458,2025-10-28,4308.62,4388.979148680053,4413.971720929339,4363.986576430767,4375.327722964827
TR-047459,2025-10-28,1258.82,1294.633167408321,1307.990384812713,1281.275950003929,1297.9543496605938
TR-047460,2025-10-28,1200.85,1187.90669567253,1187.121871570035,1188.691519775025,1187.9403362574844
TR-047461,2025-10-28,2207.48,2292.86930686151,2308.6340051695406,2277.104608553479,2283.410776054783
TR-047462,2025-10-28,3936.26,4244.409135140277,4303.561616350807,4185.256653929748,4229.649732645998
TR-047463,2025-10-28,3628.24,3749.6320891387486,3769.1653120593796,3730.098866218118,3755.6410024441902
TR-047464,2025-10-28,5167.12,5378.649215907251,5438.315723754268,5318.9827080602345,5389.467442979745
TR-047465,2025-10-28,1696.9,1658.29575073419,1666.709034807259,1649.882466661121,1651.782039770929
TR-047466,2025-10-28,1179.5,1184.7994005104072,1179.1667170935182,1190.4320839272962,1190.565099379773
TR-047467,2025-10-28,1083.36,1097.5538994849644,1097.049293485731,1098.0585054841981,1097.1932713101633
TR-047468,2025-10-28,1641.29,1633.5117204305152,1650.939531157265,1616.0839097037656,1634.9644007283537
TR-047469,2025-10-28,1458.78,1454.4744569918028,1450.160747575299,1458.7881664083066,1458.4771580445522
TR-047470,2025-10-28,1330.5,1339.5990155491304,1357.5543022492539,1321.6437288490067,1334.6266317304553
TR-047471,2025-10-28,3611.22,3814.587208534116,3864.6406186042145,3764.5337984640173,3823.1818840785836
TR-047472,2025-10-28,595.09,596.156401237869,602.8613630911,589.4514393846381,595.1417676653065
TR-047473,2025-10-28,4372.61,4436.697615006842,4478.500412649487,4394.894817364197,4437.067604409549
TR-047474,2025-10-28,1745.58,1776.1953819562082,1835.1565346053264,1717.23422930709,1760.1805379798207
TR-047475,2025-10-28,1307.46,1323.8514494747565,1347.4089852883014,1300.2939136612117,1324.0887665865107
TR-047476,2025-10-28,751.16,785.2758518585822,794.5514197960455,776.0002839211188,784.4602543382207
TR-047477,2025-10-28,916.19,915.0958563006565,930.477335978314,899.7143766229989,915.8039154836979
TR-047478,2025-10-28,2860.24,3059.316579575069,3110.4380484545245,3008.1951106956135,3068.6734533592853
TR-047479,2025-10-28,4115.49,4003.417492679645,4019.201374681714,3987.6336106775766,4007.7604940391166
TR-047480,2025-10-28,2873.82,2949.8115086567186,2951.808417327417,2947.81459998602,2935.3249853196367
TR-047481,2025-10-28,283.17,288.2040345396193,294.0366740434252,282.37139503581335,282.00800499581044
TR-047482,2025-10-28,2125.82,2115.4357119865444,2120.701517847827,2110.169906125262,2108.801171817665
TR-047483,2025-10-28,1976.8,1944.6648510274995,1921.1080785347813,1968.2216235202177,1947.589606418838
TR-047484,2025-10-29,3370.38,3405.597252155065,3432.5477622673493,3378.64674204278,3381.977169101254
TR-047485,2025-10-29,1870.23,1824.7511890390601,1829.359245392127,1820.1431326859931,1830.2451557865488
TR-047486,2025-10-29,484.6,480.26439214539096,476.19688367420673,484.3319006165752,481.1632484712958
TR-047487,2025-10-29,1121.9,1096.2404235923632,1094.9962208364816,1097.484626348245,1091.6513841058168
TR-047488,2025-10-29,2270.61,2280.862982171726,2295.094803197081,2266.6311611463702,2285.074845682446
TR-047489,2025-10-29,2892.34,2944.1978407613087,2926.960709979131,2961.434971543486,2957.3449157427976
TR-047490,2025-10-29,2747.48,2775.3418806754876,2794.1326204812335,2756.5511408697416,2797.3821369170914
TR-047491,2025-10-29,1363.85,1389.8582735968907,1392.8473322255443,1386.8692149682372,1390.2445416246228
TR-047492,2025-10-29,3559.43,3552.1155813901596,3561.2527900133236,3542.9783727669956,3546.25516471654
TR-047493,2025-10-29,2250.61,2217.943682919171,2215.9061376139393,2219.981228224402,2214.6843804621153
TR-047494,2025-10-29,731.72,739.9606398123997,735.4939005455257,744.4273790792737,739.1669494073244
TR-047495,2025-10-29,888.94,930.8949914311486,945.0913858338806,916.6985970284167,927.7244997433585
TR-047496,2025-10-29,3390.51,3390.401368304801,3358.2707510962873,3422.531985513315,3377.0029422375446
TR-047497,2025-10-29,500.4,519.5526771572243,528.0464765770068,511.05887773744166,519.903041710044
TR-047498,2025-10-29,1606.79,1590.1611712919707,1587.7381309233583,1592.5842116605834,1594.6433027797666
TR-047499,2025-10-29,3778.61,3644.7146761385475,3629.241385669939,3660.1879666071554,3641.710911713069
TR-047500,2025-10-29,4190.67,4281.386587901341,4286.559515756975,4276.213660045707,4267.214373836116
TR-047501,2025-10-29,1783.42,1759.4665110803487,1753.2978554635174,1765.63516669718,1754.9859880267384
TR-047502,2025-10-29,846.81,859.3624263735438,872.086884128529,846.6379686185586,854.9688647743992
TR-047503,2025-10-29,3685.43,3703.841052978969,3783.988200402075,3623.693905555863,3704.5945906383536
TR-047504,2025-10-29,880.04,4363.771355079431,4424.742667242309,4302.800042916552,4333.552188748976
TR-047505,2025-10-29,3606.92,3711.440544411218,3694.5375688456415,3728.343519976794,3704.598626805671
TR-047506,2025-10-29,2312.14,2306.468177073816,2303.9700321724486,2308.9663219751837,2310.1891321824733
TR-047507,2025-10-29,5152.2,5204.314272592886,5237.876737375181,5170.75180781059,5240.819717185359
TR-047508,2025-10-29,766.56,779.3958348646752,777.8050765109438,780.9865932184065,778.8862335073345
TR-047509,2025-10-29,446.16,429.32503991264184,419.6477341028196,439.0023457224641,429.66435447972344
TR-047510,2025-10-29,2272.15,2307.266191201822,2327.7300285184037,2286.802353885241,2308.9417951100722
TR-047511,2025-10-29,2651.73,2710.0418584424933,2718.522426852815,2701.5612900321717,2701.990172600105
TR-047512,2025-10-29,3767.08,3781.3173153359394,3770.7151532774374,3791.9194773944414,3777.2146461390867
TR-047513,2025-10-29,4946.8,4973.232365332095,5059.497234470713,4886.967496193477,4983.0552541131565
TR-047514,2025-10-29,994.65,987.7910541860782,987.8111214377658,987.7709869343906,985.4094147032627
TR-047515,2025-10-29,2144.48,2169.6398676734552,2188.2888681586373,2150.990867188273,2171.105148027785
TR-047516,2025-10-29,1957.2,1936.3195797805238,1917.990794435655,1954.6483651253923,1944.6122083246792
TR-047517,2025-10-29,1357.67,1346.4486945169594,1335.5415303819116,1357.3558586520073,1346.920793670674
TR-047518,2025-10-29,1760.13,1780.513975893159,1799.4210474388387,1761.6069043474793,1787.495217347268
TR-047519,2025-10-29,1602.83,1568.8453908044842,1550.8603539952676,1586.8304276137007,1562.8181866016866
TR-047520,2025-10-29,1269.47,1283.1501958233366,1270.3818308315672,1295.9185608151058,1277.7275948114345
TR-047521,2025-10-29,1527.82,1512.8311975772774,1509.9283385894971,1515.7340565650577,1518.3206373481883
TR-047522,2025-10-29,757.91,756.9234678673391,753.6352906488632,760.211645085815,756.8229515113269
TR-047523,2025-10-29,1174.09,1184.5221443012908,1192.3370384906314,1176.7072501119503,1193.454818955429
TR-047524,2025-10-29,1547.03,1581.7458873019727,1611.110428551932,1552.3813460520132,1586.7242041304316
TR-047525,2025-10-29,4199.93,4205.188263310072,4191.933388251969,4218.443138368176,4195.139785376433
TR-047526,2025-10-29,1434.93,1448.1370769664045,1441.7935124591552,1454.480641473654,1452.5776839064742
TR-047527,2025-10-29,2909.37,2908.9937320613653,2889.974732537995,2928.0127315847362,2894.602547208474
TR-047528,2025-10-29,299.74,313.83341061130125,319.20875874012677,308.4580624824758,318.9288054308878
TR-047529,2025-10-29,996.52,1003.3663462780069,1008.7395651269584,997.9931274290553,1004.632817072043
TR-047530,2025-10-29,1043.66,1044.502383431863,1046.7725166619766,1042.2322502017494,1040.305257085351
TR-047531,2025-10-29,3939.96,4014.8788471483076,4004.0232264701835,4025.7344678264312,4025.616815406889
TR-047532,2025-10-29,3087.48,3144.5966761069767,3161.3978146236373,3127.7955375903166,3140.8875987192932
TR-047533,2025-10-29,2012.77,2131.5680009051403,2143.456925718374,2119.6790760919066,2130.349291283484
TR-047534,2025-10-29,1537.05,1593.9453583425711,1612.9495749286639,1574.9411417564784,1595.8901154526445
TR-047535,2025-10-29,2731.05,2835.761822838642,2806.669887345855,2864.8537583314283,2836.2266216695525
TR-047536,2025-10-29,1532.23,1533.1964542741025,1540.5148503633532,1525.8780581848516,1534.8719000060419
TR-047537,2025-10-29,15003.55,4996.144255472972,5016.80709365512,4975.481417290824,4978.95253024092
TR-047538,2025-10-29,5253.36,5405.1021551062095,5397.352485092105,5412.851825120313,5384.645738660185
TR-047539,2025-10-29,472.91,2009.989752891459,1979.9221714989083,2040.0573342840098,2016.805859173347
TR-047540,2025-10-29,1301.4,1316.1714360864976,1310.2250613285917,1322.1178108444033,1313.7275463816316
TR-047541,2025-10-29,1028.05,1065.3390040399643,1087.2765597973485,1043.40144828258,1064.1620171629297
TR-047542,2025-10-29,2245.8,2236.946239615645,2206.3406871185166,2267.5517921127735,2240.485155048479
TR-047543,2025-10-29,3160.91,3219.280867852025,3231.194093274321,3207.367642429729,3211.7694703862167
TR-047544,2025-10-29,2737.09,2686.573275066655,2701.7436075354285,2671.4029425978806,2680.4622785858237
TR-047545,2025-10-29,4073.56,4077.9494315679976,4192.482167200848,3963.4166959351464,4089.0619414523107
TR-047546,2025-10-29,2729.05,2739.2627862630507,2718.7533385671513,2759.7722339589504,2731.2355515518825
TR-047547,2025-10-29,2164.35,2129.4051968360673,2110.375648825698,2148.434744846436,2140.731659162863
TR-047548,2025-10-29,1457.56,1463.6450823815371,1455.034401394551,1472.255763368523,1469.8705650385295
TR-047549,2025-10-29,3814.07,3789.714252150453,3777.245327460212,3802.183176840694,3797.8798115436252
TR-047550,2025-10-29,934.1,934.9180420031973,937.0104650890864,932.8256189173081,936.8226003051582
TR-047551,2025-10-29,1173.54,1155.8343272761324,1167.0472417505582,1144.6214128017066,1146.7979528222188
TR-047552,2025-10-29,4781.72,4985.973593247061,4994.884875843995,4977.062310650127,4995.644705650326
TR-047553,2025-10-29,1576.9,1529.6250642053365,1533.9899941251015,1525.2601342855712,1531.2728088328568
TR-047554,2025-10-29,3164.95,3278.4650068896044,3277.870333024602,3279.0596807546062,3267.924709459066
TR-047555,2025-10-29,1121.82,1127.73307042392,1121.4917468780811,1133.974393969759,1130.8024492308386
TR-047556,2025-10-29,2021.99,1995.2728638532556,1966.797005378811,2023.7487223277,2003.3508293987752
TR-047557,2025-10-29,1802.15,1803.8314826791052,1802.9128803589103,1804.7500849992998,1811.2872872659052
TR-047558,2025-10-29,2256.25,2212.01566501439,2225.5110994905694,2198.52023053821,2209.948207984945
TR-047559,2025-10-29,751.56,763.1147743790682,769.0570309769071,757.1725177812293,757.8778421877873
TR-047560,2025-10-29,4370.07,4430.286483200324,4451.529134793611,4409.043831607038,4441.39303810412
TR-047561,2025-10-29,1661.68,1670.3782597325753,1652.3996772024464,1688.3568422627043,1674.7478645245383
TR-047562,2025-10-29,2324.37,2261.5581261153825,2238.4940805106316,2284.6221717201333,2265.044148142151
TR-047563,2025-10-29,4417.81,4559.513121828866,4578.000518498047,4541.025725159685,4562.035365230547
TR-047564,2025-10-29,2238.49,2339.1991079731315,2351.4687519533068,2326.929463992956,2324.891434071117
TR-047565,2025-10-29,1859.53,1872.604452828993,1859.784678261944,1885.424227396042,1874.3450543921679
TR-047566,2025-10-29,2168.55,2131.1601612928334,2149.1195390984267,2113.2007834872406,2134.3814394914734
TR-047567,2025-10-29,555.65,546.4342827048274,548.6871058987826,544.1814595108722,543.3983221995567
TR-047568,2025-10-29,327.27,338.3440674963499,324.0716185154645,352.6165164772353,344.3951483411985
TR-047569,2025-10-29,1633.65,1700.7914154403652,1740.400171558723,1661.182659322007,1703.0526138463283
TR-047570,2025-10-29,1086.62,1067.458121620879,1072.2705113464208,1062.645731895337,1066.2404397750045
TR-047571,2025-10-29,748.27,761.4734667037103,755.2420413293011,767.7048920781197,764.7004593335657
TR-047572,2025-10-29,1375.77,1328.637827481933,1319.2382754865475,1338.0373794773186,1328.5180752841504
TR-047573,2025-10-29,1783.98,1766.283289934811,1782.7356572448327,1749.8309226247889,1766.6087383761135
TR-047574,2025-10-29,1187.99,1186.4296018261637,1205.5774547163464,1167.2817489359809,1182.593319673425
TR-047575,2025-10-29,1710.9,1732.3883575355735,1731.4014407629352,1733.3752743082116,1726.6029321584206
TR-047576,2025-10-29,1943.9,1907.841637218493,1888.1735838072393,1927.5096906297463,1921.5687007365486
TR-047577,2025-10-29,966.33,969.199002730719,972.8277610234395,965.5702444379986,973.3826318784934
TR-047578,2025-10-29,1018.54,1032.4637889184219,1028.8246300369578,1036.102947799886,1033.2384804518033
TR-047579,2025-10-29,980.92,1019.1678534256489,1051.7650660891243,986.5706407621736,1005.5953734829936
TR-047580,2025-10-29,2600.37,2666.528983979302,2660.5526338057234,2672.5053341528815,2660.982594396902
TR-047581,2025-10-29,4798.37,4859.888305035871,4867.182435667835,4852.594174403907,4863.494074705281
TR-047582,2025-10-29,820.66,821.272582264753,820.7653062835068,821.7798582459992,820.1186813965876
TR-047583,2025-10-29,3789.3,3811.5798309315824,3885.9453753418475,3737.214286521317,3832.5276434398684
TR-047584,2025-10-29,558.82,550.0677556630228,547.2085151715182,552.9269961545273,548.7675238848155
TR-047585,2025-10-29,2854.93,2811.0845400946705,2799.5315580936945,2822.6375220956465,2811.3499763547657
TR-047586,2025-10-29,2215.0,2243.9854743852866,2210.1821860318546,2277.788762738718,2252.663281508516
TR-047587,2025-10-29,11596.28,3016.674064308784,3053.571015575845,2979.7771130417236,3038.040698844319
TR-047588,2025-10-29,1390.99,1402.3597352398697,1390.0431282337352,1414.6763422460044,1395.4839169150841
TR-047589,2025-10-29,1834.12,1786.7634532265017,1822.793175927078,1750.7337305259255,1781.1158054556145
TR-047590,2025-10-29,4873.36,4846.266882754749,4821.14994285407,4871.383822655427,4842.011883047296
TR-047591,2025-10-29,1774.21,1762.5353102831477,1761.8476831724174,1763.222937393878,1757.1800425827075
TR-047592,2025-10-29,754.97,763.6439240863131,762.9069293889502,764.3809187836758,763.6277021104916
TR-047593,2025-10-29,2991.48,2884.4849193855425,2917.105443580618,2851.8643951904664,2887.6790961485453
TR-047594,2025-10-29,1191.82,1166.9801761693436,1162.2676689938314,1171.6926833448558,1167.261305831544
TR-047595,2025-10-29,927.59,920.4545590619032,927.9790745745992,912.9300435492073,917.9084805146024
TR-047596,2025-10-29,1161.51,1189.323935181188,1188.752055370218,1189.895814992158,1193.931562549329
TR-047597,2025-10-29,2108.62,2103.69579893682,2091.964890638905,2115.426707234735,2101.6196687107204
TR-047598,2025-10-29,1375.06,1405.7068589909236,1415.635999457968,1395.7777185238792,1410.3040055631934
TR-047599,2025-10-29,2611.37,2732.8499944530986,2709.1813963634413,2756.5185925427554,2728.95940943786
TR-047600,2025-10-29,1993.97,2058.39196750105,2046.6397473685395,2070.1441876335607,2065.781902039863
TR-047601,2025-10-29,1948.36,1966.1736841702427,1961.5056352310905,1970.841733109395,1971.9301735547008
TR-047602,2025-10-29,2421.4,2546.6196227749474,2544.8920193887434,2548.3472261611514,2553.0890938219645
TR-047603,2025-10-29,699.65,713.6923716299661,725.9769717094553,701.4077715504772,710.4942533007495
TR-047604,2025-10-29,3920.05,4048.7637497823816,4091.963509926338,4005.563989638426,4067.7893395791307
TR-047605,2025-10-29,5026.75,5048.148460064029,5004.379552397458,5091.9173677306,5051.938138299986
TR-047606,2025-10-29,3122.21,3134.9343574335126,3161.5870078465096,3108.281707020515,3130.5637800701634
TR-047607,2025-10-29,4301.42,4475.829078843174,4544.871972934455,4406.786184751893,4501.882260109625
TR-047608,2025-10-29,4614.73,4585.304457152014,4563.992770712257,4606.616143591771,4558.284845640781
TR-047609,2025-10-29,3294.52,3443.702548192642,3477.425480689638,3409.979615695646,3443.5963266865547
TR-047610,2025-10-29,2559.98,2598.1067796616144,2573.6449006916014,2622.568658631628,2603.522467503058
TR-047611,2025-10-29,660.61,666.9189404658391,678.8059645086989,655.0319164229793,663.1802204533517
TR-047612,2025-10-29,4203.68,4261.524898940832,4320.888616302809,4202.161181578854,4269.277994561653
TR-047613,2025-10-29,403.88,426.2507666330709,431.2298709475006,421.2716623186412,427.49990074275206
TR-047614,2025-10-29,3243.76,3319.894306793355,3292.682552026895,3347.1060615598153,3308.726441919903
TR-047615,2025-10-29,1073.46,1077.2076076803037,1077.9104287546331,1076.5047866059745,1077.11918738668
TR-047616,2025-10-29,4092.42,4142.030094145983,4179.2861480465535,4104.774040245413,4162.229792782677
TR-047617,2025-10-29,4874.2,4858.114618995213,4884.227332398061,4832.001905592366,4858.3416474079095
TR-047618,2025-10-29,3464.06,3535.5665769321085,3541.155300078874,3529.9778537853426,3525.0868394714544
TR-047619,2025-10-29,3399.68,3454.926164511422,3441.88313745632,3467.9691915665235,3460.008264002854
TR-047620,2025-10-29,539.46,545.2110380847981,553.6648982473164,536.7571779222799,547.2545693538391
TR-047621,2025-10-29,3160.75,3105.859391313417,3081.856028725257,3129.8627539015765,3098.60324124978
TR-047622,2025-10-29,1856.54,1901.5025641527413,1912.3494829853564,1890.6556453201265,1890.2636850397012
TR-047623,2025-10-29,2012.18,1992.4892470081054,1983.6440641213464,2001.3344298948643,1993.62076696249
TR-047624,2025-10-29,2564.63,2562.6452030978207,2548.943249263855,2576.347156931787,2559.4451565652143
TR-047625,2025-10-29,4277.21,4404.662922583801,4456.612722856273,4352.71312231133,4389.405797977281
TR-047626,2025-10-29,385.1,389.9895676778904,381.96348595452366,398.0156494012572,389.3992994995767
TR-047627,2025-10-29,2471.08,2479.135206564194,2462.785006114199,2495.4854070141896,2472.979046157964
TR-047628,2025-10-29,688.18,701.8026380793389,697.3366449092937,706.268631249384,703.943679620708
TR-047629,2025-10-29,3398.73,3378.2795163520304,3384.59640335753,3371.9626293465312,3390.096893288062
TR-047630,2025-10-29,2907.44,2944.042088220703,2935.2444295001205,2952.8397469412857,2947.077263529175
TR-047631,2025-10-29,5797.06,5944.983666642793,5990.137195784718,5899.830137500868,5936.691177541687
TR-047632,2025-10-29,1385.22,1418.3656468073696,1420.885900308364,1415.8453933063752,1422.4991716130612
TR-047633,2025-10-29,4146.93,4064.704766301884,4034.8539658990567,4094.5555667047115,4085.3958387842536
TR-047634,2025-10-29,2093.42,2110.891711357251,2118.409738951737,2103.3736837627653,2104.2613389847206
TR-047635,2025-10-29,4355.51,4373.258934861582,4325.910658697093,4420.60721102607,4391.914265254602
TR-047636,2025-10-29,1774.25,1773.2435265537918,1772.1695715947671,1774.3174815128164,1785.2005619708752
TR-047637,2025-10-29,1606.38,1621.723773806083,1669.4605883472716,1573.9869592648947,1610.9116675929386
TR-047638,2025-10-29,2087.61,2150.034135450302,2149.37379746846,2150.694473432144,2144.024012467027
TR-047639,2025-10-29,2068.13,2026.2349123391903,2010.9578878656234,2041.511936812757,2028.8436305106638
TR-047640,2025-10-29,1393.76,1445.3729582436706,1420.281445458129,1470.4644710292123,1450.4938658672322
TR-047641,2025-10-29,2581.13,2588.547061769833,2603.6406504776337,2573.4534730620326,2585.085048135535
TR-047642,2025-10-29,1378.94,1405.1419291116867,1427.3256088464198,1382.9582493769537,1405.5113957135552
TR-047643,2025-10-29,5279.51,5188.010302105247,5193.394135068279,5182.626469142215,5173.320286958129
TR-047644,2025-10-29,3453.76,3452.6079402973623,3440.4655903774174,3464.7502902173073,3458.7317559339926
TR-047645,2025-10-29,4502.62,4558.556288997028,4542.868763610401,4574.243814383654,4551.207997566707
TR-047646,2025-10-29,4087.37,4148.7570161200165,4177.104915606286,4120.409116633746,4156.83869717306
TR-047647,2025-10-29,1532.92,1519.2360061949325,1523.062437797359,1515.4095745925063,1520.621326905512
TR-047648,2025-10-30,1647.93,1660.8138681708672,1658.0766080111057,1663.5511283306287,1658.632774980193
TR-047649,2025-10-30,4892.67,4851.216982891281,4864.306101489938,4838.127864292625,4823.767168791397
TR-047650,2025-10-30,601.03,611.0666759297992,616.2187932978206,605.9145585617779,610.4003417694983
TR-047651,2025-10-30,3349.82,3318.3310418554775,3325.96125832791,3310.7008253830445,3307.6693396164974
TR-047652,2025-10-30,1898.3,1942.5955688651302,1923.948755079314,1961.2423826509462,1949.4840467351682
TR-047653,2025-10-30,1840.18,1842.340702703007,1822.7675383897238,1861.9138670162902,1851.4028055275303
TR-047654,2025-10-30,1635.87,1621.6583488572755,1613.4619819103657,1629.8547158041854,1626.5294704984221
TR-047655,2025-10-30,1709.94,1671.8003726094048,1664.0454014697925,1679.555343749017,1679.7490289361845
TR-047656,2025-10-30,2658.31,2658.716715953093,2662.1764039809523,2655.257027925234,2653.7056057465716
TR-047657,2025-10-30,552.14,2569.145823734948,2580.6085649538354,2557.6830825160605,2556.7851456290164
TR-047658,2025-10-30,602.47,596.2170720279214,589.6629792609803,602.7711647948624,598.9415888748515
TR-047659,2025-10-30,4068.07,3917.2689875993783,3930.555008832135,3903.982966366621,3938.5833145668803
TR-047660,2025-10-30,3247.49,3201.014698573719,3211.7703444735384,3190.2590526739,3203.495406922224
TR-047661,2025-10-30,864.68,847.2963478683662,850.3046817958503,844.288013940882,851.9387687121831
TR-047662,2025-10-30,8276.0,2677.5192510349966,2676.5690264844466,2678.4694755855467,2678.3902233174376
TR-047663,2025-10-30,2573.87,2623.410307075938,2610.7126494164922,2636.1079647353836,2622.3774295724106
TR-047664,2025-10-30,5530.61,5540.433665895227,5567.34562458769,5513.5217072027635,5554.421890646172
TR-047665,2025-10-30,2292.7,2283.7338668028137,2300.830435946088,2266.6372976595394,2279.319946334018
TR-047666,2025-10-30,1110.85,1139.5501062550043,1150.0809977542808,1129.0192147557275,1133.6368281531625
TR-047667,2025-10-30,1352.21,1337.9907011810415,1321.8177720164808,1354.1636303456019,1346.6537157056355
TR-047668,2025-10-30,1856.57,1853.7393999482235,1798.830032153402,1908.648767743045,1854.9448737459174
TR-047669,2025-10-30,1369.62,1392.7641539704505,1420.743383397438,1364.7849245434627,1394.3802005585208
TR-047670,2025-10-30,1781.06,1759.1639831514458,1728.0758312421744,1790.2521350607174,1764.429208700743
TR-047671,2025-10-30,1756.84,1860.778424753282,1888.713308442204,1832.8435410643601,1866.9154127482338
TR-047672,2025-10-30,535.76,556.8603155181838,552.3886213645279,561.3320096718398,556.4368623093753
TR-047673,2025-10-30,1799.38,1776.3366204033657,1750.777858994734,1801.8953818119974,1780.8970856745618
TR-047674,2025-10-30,822.11,840.4452250042054,839.8078632824139,841.0825867259969,840.8955162428978
TR-047675,2025-10-30,5216.72,5206.1027256234265,5270.332242995448,5141.873208251405,5223.810637304903
TR-047676,2025-10-30,4313.84,4322.69668348929,4361.419974936239,4283.973392042342,4339.655739192249
TR-047677,2025-10-30,1055.51,1049.7746958271407,1045.8298414189603,1053.719550235321,1049.3555014208491
TR-047678,2025-10-30,4646.88,4720.129793088638,4758.3084866074705,4681.951099569805,4724.400934506261
TR-047679,2025-10-30,2993.39,2957.8660033428396,2962.4056770821207,2953.3263296035584,2951.120051827529
TR-047680,2025-10-30,2374.26,2400.770917240973,2392.2497000321514,2409.2921344497954,2399.6467678720774
TR-047681,2025-10-30,1670.64,1630.2634602332323,1616.223050795894,1644.3038696705705,1637.58340849733
TR-047682,2025-10-30,3188.2,3262.6876078097366,3279.575588120663,3245.79962749881,3266.2082773177553
TR-047683,2025-10-30,3388.71,3440.2151155038014,3428.693334653621,3451.7368963539816,3447.093235280954
TR-047684,2025-10-30,2595.54,2652.296985065541,2650.4944870480654,2654.0994830830164,2660.812382832519
TR-047685,2025-10-30,1173.21,1168.437016004442,1179.3805736823947,1157.4934583264894,1173.2004409475753
TR-047686,2025-10-30,5443.58,5598.6251437796645,5589.45473920838,5607.7955483509495,5587.266462302205
TR-047687,2025-10-30,1735.58,1680.3884385130632,1684.9724094058768,1675.8044676202496,1673.3020922937303
TR-047688,2025-10-30,2720.24,2771.3221465073084,2768.941471100472,2773.702821914145,2766.0266303902836
TR-047689,2025-10-30,1102.45,1091.1929778335889,1091.85743979588,1090.5285158712977,1091.6334334475514
TR-047690,2025-10-30,811.26,832.697577621989,852.8753948547273,812.5197603892507,829.0384023146987
TR-047691,2025-10-30,5264.69,5195.408561581614,5212.679849345843,5178.137273817385,5193.992668800242
TR-047692,2025-10-30,1822.65,1849.7025622249853,1845.6629913642803,1853.7421330856905,1849.0864748159393
TR-047693,2025-10-30,1566.62,1581.0237559675788,1609.749064733358,1552.2984472017995,1577.5441523225577
TR-047694,2025-10-30,4492.79,4380.229716841088,4408.102119286011,4352.357314396164,4360.8369467648545
TR-047695,2025-10-30,1375.3,1379.623883098667,1363.2823772003244,1395.9653889970095,1380.4823064545342
TR-047696,2025-10-30,3265.76,3181.0382296080265,3192.9657268695883,3169.110732346465,3179.5786544503526
TR-047697,2025-10-30,2802.67,2873.433751700677,2898.1985977119452,2848.6689056894083,2877.522000686952
TR-047698,2025-10-30,1773.38,1748.6606264472816,1754.2520972247532,1743.0691556698098,1747.9873244828534
TR-047699,2025-10-30,1114.11,1096.7800972319615,1078.7291502816468,1114.8310441822764,1102.5161176774907
TR-047700,2025-10-30,1134.89,1145.0913739482553,1171.2691690936242,1118.9135788028861,1140.9887625749461
TR-047701,2025-10-30,1262.99,1293.5427736466345,1299.6714687128533,1287.414078580416,1294.5202564539486
TR-047702,2025-10-30,370.24,1539.073111917154,1565.289345379661,1512.856878454647,1537.056643258716
TR-047703,2025-10-30,246.59,247.3236095240225,241.38441048221105,253.26280856583392,245.34198665954787
TR-047704,2025-10-30,3005.3,3044.509850292253,3038.2279124972283,3050.791788087278,3048.0877087049535
TR-047705,2025-10-30,1154.41,1191.73300836462,1194.3490233171347,1189.1169934121053,1190.8684651169904
TR-047706,2025-10-30,1009.87,990.3161739144448,994.9788255729344,985.6535222559552,990.861120822886
TR-047707,2025-10-30,1327.71,1305.0913898015046,1309.6461694716556,1300.5366101313534,1301.6728073969352
TR-047708,2025-10-30,1000.75,1001.0204569437581,1013.6798818560951,988.3610320314211,1009.0465064203145
TR-047709,2025-10-30,5532.34,5489.897132586408,5447.107685827694,5532.6865793451225,5502.356683293741
TR-047710,2025-10-30,2247.46,2344.8502244130823,2331.9469985013957,2357.7534503247684,2353.769828101815
TR-047711,2025-10-30,3451.23,3410.099672695318,3428.82938561776,3391.369959772876,3393.5955993062576
TR-047712,2025-10-30,1851.58,1834.0735778248854,1816.4940773941182,1851.6530782556526,1839.4757926485104
TR-047713,2025-10-30,1212.03,1185.0199305270921,1167.134937529102,1202.9049235250825,1182.9154819855094
TR-047714,2025-10-30,1197.57,1208.3367752262213,1196.4587568641532,1220.2147935882895,1207.310811677342
TR-047715,2025-10-30,958.18,947.347419559822,953.8010271503556,940.8938119692884,953.0113430490856
TR-047716,2025-10-30,3469.99,3418.991732980046,3462.6678134316303,3375.3156525284617,3436.789915739009
TR-047717,2025-10-30,4434.45,4543.414588994904,4535.48310320148,4551.346074788328,4545.987280913809
TR-047718,2025-10-30,1591.71,1567.7955124044581,1550.5226654399123,1585.068359369004,1567.4990940065748
TR-047719,2025-10-30,859.86,892.2380295663932,892.220206827537,892.2558523052493,888.4533866767177
TR-047720,2025-10-30,2463.27,2402.7178075903903,2370.2857239278546,2435.149891252926,2395.7185331006976
TR-047721,2025-10-30,1022.08,1024.1373156091397,1017.0940254050208,1031.1806058132586,1027.2271336840427
TR-047722,2025-10-30,3134.03,3128.8094699186336,3095.4777390162026,3162.1412008210646,3133.3612034239895
TR-047723,2025-10-30,864.61,846.6061069336026,844.4941644343252,848.71804943288,846.4530422083692
TR-047724,2025-10-30,2620.82,2657.4395271193835,2686.7609875818644,2628.118066656903,2637.90309196642
TR-047725,2025-10-30,4171.25,4164.9371264791935,4148.733127701146,4181.14112525724,4157.892717676146
TR-047726,2025-10-30,2395.25,2368.8430756034786,2363.255999849912,2374.430151357046,2366.604921871007
TR-047727,2025-10-30,2551.54,2474.315507590369,2455.701908038864,2492.9291071418743,2468.2121865768468
TR-047728,2025-10-30,4757.71,4617.418626686618,4647.612452022843,4587.224801350394,4612.601435084571
TR-047729,2025-10-30,598.72,593.5891595459644,590.2349200852298,596.9433990066991,591.889848033342
TR-047730,2025-10-30,3021.06,3041.330793611416,3023.303431864663,3059.358155358169,3050.200782277989
TR-047731,2025-10-30,1477.27,1406.0364922237416,1402.2482348525955,1409.8247495948876,1408.2126819331506
TR-047732,2025-10-30,541.2,530.2897609100933,532.7554483169378,527.8240735032488,530.2638976476717
TR-047733,2025-10-30,987.59,975.6105511933854,975.2586733639613,975.9624290228096,975.972905866487
TR-047734,2025-10-30,4243.72,4310.7632798969535,4417.471068581754,4204.055491212154,4320.220688492468
TR-047735,2025-10-30,2664.27,2708.278799841327,2736.072527006003,2680.4850726766513,2698.9088078747054
TR-047736,2025-10-30,3933.12,3885.3261174202216,3885.815816073332,3884.8364187671114,3905.0059285091925
TR-047737,2025-10-30,1857.61,1885.8871284553552,1903.1186994565287,1868.6555574541815,1877.4088252895149
TR-047738,2025-10-30,3134.32,3021.9465298508694,2991.715999917041,3052.1770597846976,3010.9513497885055
TR-047739,2025-10-30,2388.37,2286.580854056154,2267.5958910898653,2305.5658170224424,2302.7375453534537
TR-047740,2025-10-30,4577.61,4558.27659254701,4617.601097089737,4498.952088004284,4601.58205331749
TR-047741,2025-10-30,1091.78,1088.8941229703678,1083.8541440653041,1093.9341018754317,1083.9938822870804
TR-047742,2025-10-30,4815.8,4658.015285769096,4739.7171362347535,4576.313435303439,4675.496007023319
TR-047743,2025-10-30,104.38,443.41957704837114,443.71341938092667,443.12573471581567,436.0055886556692
TR-047744,2025-10-30,1834.95,1805.359879963773,1802.1286132350367,1808.591146692509,1817.2396420027483
TR-047745,2025-10-30,4610.22,4749.760797783694,4736.14899954305,4763.372596024338,4762.081413539247
TR-047746,2025-10-30,5077.85,5133.133240150531,5133.980922620786,5132.285557680275,5144.403910592635
TR-047747,2025-10-30,1871.61,1877.4515198058116,1858.7147529152128,1896.1882866964104,1890.6689810274306
TR-047748,2025-10-30,1281.55,1309.9296521696465,1309.1450470481502,1310.7142572911428,1316.3872769342756
TR-047749,2025-10-30,998.55,1028.6071065884844,1022.7864693239206,1034.427743853048,1031.5030724549915
TR-047750,2025-10-30,4007.09,3988.3085291710927,3987.443846402861,3989.1732119393246,3979.765340928506
TR-047751,2025-10-30,3863.28,3886.4143632214955,3926.6126618225658,3846.216064620425,3902.7925086818705
TR-047752,2025-10-30,1317.88,1325.5948528018125,1325.7601871832856,1325.4295184203397,1321.8731476274309
TR-047753,2025-10-30,1839.63,1795.2904238051956,1797.006183366028,1793.574664244363,1797.9923106047436
TR-047754,2025-10-30,2338.56,2422.7508775477163,2429.4839588112663,2416.017796284166,2427.1995019961096
TR-047755,2025-10-30,2331.19,2322.119016948931,2329.8931685211855,2314.344865376676,2319.128758558067
TR-047756,2025-10-30,5356.55,5438.144644205203,5398.638109606647,5477.651178803759,5452.472676139471
TR-047757,2025-10-30,5369.38,5431.962073108742,5478.172676681212,5385.751469536272,5429.845741354004
TR-047758,2025-10-30,2288.61,2366.1771030403133,2383.612842130375,2348.741363950251,2372.0805734230835
TR-047759,2025-10-30,858.63,842.8083395655692,847.0848387936077,838.5318403375306,845.117873260489
TR-047760,2025-10-30,2020.71,2009.3442634921105,2029.1403845805066,1989.5481424037143,2017.645043962525
TR-047761,2025-10-30,2982.91,2963.6279168706387,2963.6468158472035,2963.6090178940744,2966.2577969294744
TR-047762,2025-10-30,5281.62,5306.525130161546,5300.721764252282,5312.32849607081,5296.424181135693
TR-047763,2025-10-30,2309.11,2309.4920587405345,2337.0829831505007,2281.9011343305683,2310.291966118182
TR-047764,2025-10-30,2099.94,2168.4068838009443,2197.441040320435,2139.372727281453,2149.327433659009
TR-047765,2025-10-30,3771.54,3844.8674388556046,3819.4249892972525,3870.309888413957,3831.907461327115
TR-047766,2025-10-30,4121.98,4069.6452728544155,4067.1297629059695,4072.160782802862,4068.34469900396
TR-047767,2025-10-30,371.98,352.27498361504263,330.8488568803473,373.701110349738,358.3586222038536
TR-047768,2025-10-30,2543.77,2516.9378892641166,2565.455611087785,2468.420167440448,2530.520620519169
TR-047769,2025-10-30,1651.48,1696.376872272783,1695.0161718756517,1697.7375726699142,1699.1058178388917
TR-047770,2025-10-30,947.08,984.7691114965619,1003.8383533523287,965.6998696407951,984.8130026118465
TR-047771,2025-10-30,4036.76,4248.951421558777,4326.194754036991,4171.708089080563,4266.178109441618
TR-047772,2025-10-30,1362.09,1380.3573528161478,1400.9840732277341,1359.7306324045617,1382.7339827861406
TR-047773,2025-10-30,1137.26,1154.5273397390358,1168.1966299678104,1140.8580495102613,1155.7387681787716
TR-047774,2025-10-30,3282.64,3291.797638028308,3285.2172257158722,3298.3780503407434,3300.9410553904518
TR-047775,2025-10-30,1449.52,1431.60331295662,1416.5844022891363,1446.6222236241035,1441.4110494775773
TR-047776,2025-10-30,2360.09,2327.0537851217673,2321.994282007204,2332.1132882363304,2337.860196017229
TR-047777,2025-10-30,6393.83,6372.077097884089,6420.979988457696,6323.174207310482,6364.051926833213
TR-047778,2025-10-30,1120.44,1092.1851615986911,1081.3193084695858,1103.0510147277967,1092.6766861246308
TR-047779,2025-10-30,1973.74,1991.161458689357,2002.824426038969,1979.4984913397448,1999.170047889626
TR-047780,2025-10-30,1009.07,1049.5202439206666,1051.6179743604666,1047.4225134808667,1046.9973727393685
TR-047781,2025-10-30,2420.89,2396.9276976919,2400.6203831363287,2393.235012247472,2396.51264222184
TR-047782,2025-10-30,4697.23,4717.110690631872,4710.3196293762885,4723.901751887455,4734.729587078043
TR-047783,2025-10-30,2639.31,2585.50813026872,2589.280791726119,2581.735468811321,2591.0035604811046
TR-047784,2025-10-30,1199.51,1238.4580041144227,1264.7557164235416,1212.160291805304,1241.7100069665446
TR-047785,2025-10-30,975.31,983.1065059378298,999.6704883249192,966.5425235507402,986.312708935076
TR-047786,2025-10-30,4067.77,4064.877313495353,4038.9222208718643,4090.832406118842,4046.559039084465
TR-047787,2025-10-30,1296.79,1321.635477584073,1332.0276246817407,1311.2433304864053,1322.115992015176
TR-047788,2025-10-30,4760.41,4733.020390347846,4728.374071939176,4737.666708756516,4732.576794299814
TR-047789,2025-10-30,1544.73,1546.9069103669751,1520.7664192717832,1573.047401462167,1540.2344549164022
TR-047790,2025-10-30,1814.99,1828.8012654310937,1825.4595115196266,1832.143019342561,1827.8075718337473
TR-047791,2025-10-30,734.35,751.7020363343013,745.92135426856,757.4827184000426,746.5285806663529
TR-047792,2025-10-30,1613.34,1600.5389201230219,1600.9475112734128,1600.1303289726309,1601.65155785652
TR-047793,2025-10-30,2255.27,2337.2515436006925,2342.1310593760686,2332.3720278253163,2343.1716198322647
TR-047794,2025-10-30,3558.09,3536.732896558595,3568.8777896425804,3504.588003474609,3558.745278793771
TR-047795,2025-10-30,1782.82,1740.5889812478276,1736.1870180084802,1744.9909444871748,1746.480690682723
TR-047796,2025-10-30,227.15,690.1684127298827,690.64128542591,689.6955400338553,691.7640442296325
TR-047797,2025-10-30,1677.55,1671.060372392365,1660.388690642186,1681.732054142544,1679.2627520498947
TR-047798,2025-10-30,2600.14,2566.858132762701,2592.3389866248726,2541.3772789005297,2563.344897684732
TR-047799,2025-10-30,1440.59,1437.1489717893824,1430.2768278465935,1444.0211157321714,1434.1272497689042
TR-047800,2025-10-30,4466.72,4631.00071903633,4673.104500733456,4588.896937339204,4668.796178989482
TR-047801,2025-10-30,1518.01,1529.4378291599096,1497.8024452619998,1561.0732130578192,1527.9328680315537
TR-047802,2025-10-30,1753.32,1751.2595248617636,1738.3695571371256,1764.1494925864017,1753.6604702453105
TR-047803,2025-10-30,1163.6,1242.911831636844,1257.4275756715035,1228.3960876021845,1239.086314043168
TR-047804,2025-10-30,4403.34,4504.734330550832,4521.123056677694,4488.34560442397,4498.259002027131
TR-047805,2025-10-30,2043.4,2092.4381152132123,2115.6408827432424,2069.235347683182,2081.0766218368653
TR-047806,2025-10-30,4158.35,4133.721176585154,4126.537489527129,4140.90486364318,4147.796985509356
TR-047807,2025-10-30,2463.2,2509.8435741529456,2513.63807485033,2506.0490734555615,2523.8879933458184
TR-047808,2025-10-30,2390.13,2472.4758609074092,2483.480994741761,2461.4707270730573,2470.7934725776204
TR-047809,2025-10-30,1819.36,1879.417082350883,1875.4136427716107,1883.420521930155,1878.880416560969
TR-047810,2025-10-30,3985.1,3940.284492629431,3958.4934387390313,3922.0755465198313,3962.606424787193
TR-047811,2025-10-30,1612.1,1644.9226537898012,1640.1723049362597,1649.6730026433424,1648.8836690417097
TR-047812,2025-10-30,766.77,760.3472297053886,760.7357507553063,759.9587086554708,758.8177824900825
TR-047813,2025-10-30,673.77,663.6198436269297,671.3608417687858,655.8788454850736,667.0825717770412
TR-047814,2025-10-30,1927.01,2026.048555382728,2021.6503049246592,2030.446805840797,2037.0126535122758
TR-047815,2025-10-30,611.85,613.5538999874778,621.7526807938664,605.3551191810893,607.3173156679288
TR-047816,2025-10-30,3137.04,3257.780756215961,3271.1783007364347,3244.3832116954873,3258.601319646754
TR-047817,2025-10-30,3474.52,3459.678072923801,3471.730343191913,3447.6258026556893,3466.2036628097076
TR-047818,2025-10-30,1465.84,1468.7177656377507,1480.1971102475939,1457.2384210279076,1459.2848883152205
TR-047819,2025-10-30,3234.9,3249.279390581705,3265.4587709955413,3233.1000101678683,3250.354776085937
TR-047820,2025-10-30,1037.63,1093.1491185685557,1113.976919459675,1072.3213176774364,1091.3271774432203
TR-047821,2025-10-30,9939.89,4025.6381608266174,4029.9115343848616,4021.364787268373,4031.406114085495
TR-047822,2025-10-30,2533.96,2534.9678237006833,2527.5894971336993,2542.3461502676673,2540.8778959327847
TR-047823,2025-10-30,5043.29,5112.690069928736,5158.277230929108,5067.102908928364,5116.596609931226
TR-047824,2025-10-30,1019.9,1032.9794150663497,1024.7260056423963,1041.2328244903028,1026.818758790999
TR-047825,2025-10-31,2182.09,2209.6627375555536,2170.14771469206,2249.1777604190465,2212.5807669807205
TR-047826,2025-10-31,1312.38,1269.1563368389334,1279.336689643729,1258.9759840341378,1269.5165946607021
TR-047827,2025-10-31,863.6,863.9612531918142,875.3164894429298,852.6060169406985,866.6777526488981
TR-047828,2025-10-31,2233.22,2275.0884907362833,2273.518735155474,2276.6582463170926,2266.5494989801273
TR-047829,2025-10-31,1987.95,2014.286218566992,2061.1223698931244,1967.4500672408594,1994.4921204914262
TR-047830,2025-10-31,2865.04,3008.074174519909,3088.470670391473,2927.6776786483447,3022.3437281034394
TR-047831,2025-10-31,5261.3,5389.205365963672,5389.947642894568,5388.463089032776,5338.908588406277
TR-047832,2025-10-31,1956.59,1935.6251474601067,1938.680867110416,1932.5694278097972,1943.970452789256
TR-047833,2025-10-31,718.63,741.8979474476059,755.2122542146169,728.5836406805948,743.4231923824623
TR-047834,2025-10-31,5079.05,4988.463866227631,5015.974030327611,4960.953702127651,4991.942414122286
TR-047835,2025-10-31,477.89,481.00343015023725,478.46981062860374,483.5370496718708,476.9062333948521
TR-047836,2025-10-31,2529.12,2501.4870117533374,2519.6463002226114,2483.3277232840633,2498.5525962383836
TR-047837,2025-10-31,3755.65,3957.600965972817,4009.7102472559995,3905.491684689635,3971.7485456461613
TR-047838,2025-10-31,2813.02,2800.2593373311956,2850.3450453295504,2750.1736293328413,2799.65599197479
TR-047839,2025-10-31,798.38,823.2103681552945,846.6161761991191,799.80456011147,819.2433963723848
TR-047840,2025-10-31,772.61,2369.2069634041018,2349.7548058554344,2388.6591209527687,2373.3182520715527
TR-047841,2025-10-31,1628.64,1636.260329958012,1625.375655781779,1647.1450041342453,1640.1738966822322
TR-047842,2025-10-31,1037.85,1015.4040142216386,1025.7296168788066,1005.0784115644706,1017.9128937082555
TR-047843,2025-10-31,3006.47,2865.511423968883,2881.202780560677,2849.820067377088,2867.0523267874432
TR-047844,2025-10-31,1162.01,1121.0561500006281,1123.1371139632367,1118.9751860380195,1119.293271767141
TR-047845,2025-10-31,1648.06,1694.9766142045846,1695.1911025480135,1694.762125861156,1696.3333724134109
TR-047846,2025-10-31,734.99,718.148901167774,723.2252072764545,713.0725950590936,721.0208846767212
TR-047847,2025-10-31,1236.93,1203.4876232134795,1207.0403369231917,1199.9349095037674,1199.517732070595
TR-047848,2025-10-31,3562.85,3690.389095997799,3679.757415267634,3701.020776727964,3692.3805719220345
TR-047849,2025-10-31,1502.63,1521.7547007494766,1572.5719312761225,1470.9374702228306,1520.236548583492
TR-047850,2025-10-31,3933.98,3992.3196705552273,3988.7904516729614,3995.848889437493,4005.0482541762217
TR-047851,2025-10-31,1191.61,1219.057715904266,1216.0431050144734,1222.0723267940582,1219.649011358742
TR-047852,2025-10-31,2620.28,2609.778193759252,2631.1396544149598,2588.4167331035446,2597.1246033021653
TR-047853,2025-10-31,997.09,993.1864857650821,991.0352193345149,995.3377521956494,996.737382260432
TR-047854,2025-10-31,739.26,766.472517358605,780.25091306667,752.6941216505402,769.29467825033
TR-047855,2025-10-31,1152.24,1173.4009299852396,1175.3339604180528,1171.4678995524266,1170.1996476510064
TR-047856,2025-10-31,2145.81,2074.4781697345625,2062.701632346068,2086.2547071230574,2075.807838017258
TR-047857,2025-10-31,2506.8,2490.3711634909623,2468.0874504579774,2512.6548765239468,2489.995228302238
TR-047858,2025-10-31,703.44,698.0548002394573,700.934229927401,695.1753705515135,702.1904168972369
TR-047859,2025-10-31,2371.11,2352.249210702167,2387.1310622668198,2317.367359137514,2345.840981383289
TR-047860,2025-10-31,1782.08,1801.3594212692933,1785.5635620965834,1817.155280442003,1806.3617522317718
TR-047861,2025-10-31,1711.56,1772.7270116606146,1808.1374000830056,1737.3166232382239,1772.1677829859923
TR-047862,2025-10-31,355.88,347.5314625382115,346.5625093402842,348.5004157361388,349.90897669979245
TR-047863,2025-10-31,577.77,573.9031712460528,580.7707009394869,567.0356415526186,572.5369296999909
TR-047864,2025-10-31,3135.27,3282.5449180774226,3360.055953157375,3205.0338829974703,3273.575071486199
TR-047865,2025-10-31,3874.49,3948.8921499013313,3941.740501849823,3956.04379795284,3951.2078476931647
TR-047866,2025-10-31,746.12,773.7061741315911,798.3798247111372,749.0325235520448,772.2285922799942
TR-047867,2025-10-31,1646.65,1728.961386530338,1758.8867946985163,1699.0359783621595,1734.3627314226553
TR-047868,2025-10-31,3529.14,3510.5213216901957,3526.6229148597145,3494.4197285206774,3496.682071989142
TR-047869,2025-10-31,1892.15,1909.7581459180053,1948.9759098727366,1870.540381963274,1908.139535066407
TR-047870,2025-10-31,2033.55,2072.8277312076584,2051.6016133203498,2094.053849094967,2074.9869452526
TR-047871,2025-10-31,854.46,884.2661364505498,902.688928880573,865.8433440205266,886.4506348009949
TR-047872,2025-10-31,2493.55,2493.5798030016076,2514.1620225978168,2472.997583405398,2497.444540275531
TR-047873,2025-10-31,2766.59,2763.922055743485,2763.254200396242,2764.589911090728,2761.3466224678587
TR-047874,2025-10-31,2787.97,2768.4180800154068,2823.7577623839243,2713.0783976468892,2758.8532387727487
TR-047875,2025-10-31,1565.76,1561.9195883755156,1569.3106552040258,1554.528521547005,1562.9841392252965
TR-047876,2025-10-31,2282.64,2283.8461823494595,2289.878225529788,2277.814139169131,2283.834468110461
TR-047877,2025-10-31,788.83,767.3119534727643,771.4393779165681,763.1845290289607,761.889403751346
TR-047878,2025-10-31,1716.52,1691.7849619119108,1728.2524425301515,1655.3174812936702,1692.2996807939435
TR-047879,2025-10-31,888.23,895.1975695904231,894.932442832242,895.4626963486041,896.5878645093537
TR-047880,2025-10-31,1264.64,1240.3732261168234,1253.8882568964286,1226.8581953372184,1239.5710398935457
TR-047881,2025-10-31,5507.65,5523.796350401494,5549.5967564003095,5497.995944402679,5517.263457510288
TR-047882,2025-10-31,4049.65,3998.5579956766987,4007.793609794442,3989.322381558955,4001.688356069327
TR-047883,2025-10-31,1756.24,1867.9284794787966,1909.4016233082457,1826.4553356493475,1872.4319273245387
TR-047884,2025-10-31,1596.37,1615.9650766169034,1623.133060401725,1608.7970928320817,1611.3770546842413
TR-047885,2025-10-31,1454.79,1488.3878501663312,1495.2929927592713,1481.482707573391,1480.7950919181246
TR-047886,2025-10-31,760.7,755.7476895811217,760.3889346441406,751.1064445181028,757.5828214782655
TR-047887,2025-10-31,1078.09,1082.9982839842078,1090.3861974452375,1075.6103705231778,1081.4321380271076
TR-047888,2025-10-31,525.91,532.4098335615079,545.7304358246249,519.0892312983909,531.1464770297168
TR-047889,2025-10-31,1536.02,1551.3993577777487,1584.9575346605748,1517.8411808949224,1548.0490089223235
TR-047890,2025-10-31,561.02,559.2868770283781,567.6134301523387,550.9603239044176,560.7396892756785
TR-047891,2025-10-31,552.6,542.5964623460529,541.8527496470236,543.3401750450821,542.4573773151526
TR-047892,2025-10-31,1254.05,1283.5268107922934,1300.8175758663974,1266.2360457181896,1277.433709133728
TR-047893,2025-10-31,5877.77,5777.078952273418,5846.783508435026,5707.37439611181,5738.610005170462
TR-047894,2025-10-31,406.71,400.62330367345953,383.30074273330547,417.9458646136136,399.4796865850792
TR-047895,2025-10-31,1803.86,1885.1049270127712,1915.1013579866224,1855.10849603892,1894.783317981212
TR-047896,2025-10-31,1484.36,1491.889239790696,1518.2640219829793,1465.5144575984125,1489.612371811906
TR-047897,2025-10-31,1920.32,1968.6623123908976,1955.9142921967425,1981.4103325850526,1971.353992271736
TR-047898,2025-10-31,1935.63,1943.100980838174,1941.1507732366017,1945.0511884397465,1951.051034293962
TR-047899,2025-10-31,389.18,1200.1523421884672,1195.655400426294,1204.6492839506404,1203.3943168622668
TR-047900,2025-10-31,1936.26,1918.5865831484025,1930.9284981905967,1906.2446681062086,1931.0983432208996
TR-047901,2025-10-31,498.57,494.2623677343237,496.38674761891883,492.1379878497285,493.00938965286
TR-047902,2025-10-31,1298.84,1280.3583151483797,1283.4436111584794,1277.27301913828,1280.577598700448
TR-047903,2025-10-31,3544.7,3636.573281752855,3615.1166535136817,3658.029909992029,3635.105756597135
TR-047904,2025-10-31,3014.39,3016.4871960453934,3010.6825165154196,3022.291875575367,2999.2767784819634
TR-047905,2025-10-31,1193.87,1204.876862170099,1239.682162828731,1170.071561511467,1204.4138990391925
TR-047906,2025-10-31,2972.61,2896.993131090854,2917.111279950484,2876.8749822312243,2891.9264808360376
TR-047907,2025-10-31,889.76,872.9228699828224,883.2041963296392,862.6415436360055,877.8502172085127
TR-047908,2025-10-31,2196.67,2292.5168417080386,2330.397171894468,2254.6365115216086,2286.4395620947334
TR-047909,2025-10-31,3726.44,3561.1966695152405,3563.7283867034625,3558.6649523270185,3542.836701740642
TR-047910,2025-10-31,3806.72,3729.2554810626193,3742.4212110851877,3716.089751040051,3714.0102974395804
TR-047911,2025-10-31,4081.47,4091.5562442541877,4086.486925304556,4096.62556320382,4093.2774840606207
TR-047912,2025-10-31,1776.62,1808.9534858189436,1793.6044517535881,1824.302519884299,1813.9197891106417
TR-047913,2025-10-31,225.89,243.04376356133307,239.28812698536925,246.79940013729689,244.07863816557042
TR-047914,2025-10-31,1428.79,1450.0522137907556,1449.4979696380653,1450.6064579434458,1448.5421944619943
TR-047915,2025-10-31,1520.95,1473.3031057193075,1470.0952632544993,1476.510948184116,1475.4529778608207
TR-047916,2025-10-31,1964.56,1932.9776343957308,1937.377488673217,1928.5777801182446,1937.6781346744824
TR-047917,2025-10-31,4747.86,4766.070211641869,4746.060594314693,4786.079828969046,4783.0578491902725
TR-047918,2025-10-31,1423.65,1415.312279334577,1413.495566209109,1417.128992460045,1415.0603340394557
TR-047919,2025-10-31,4047.69,4077.479073273774,4030.3539634100534,4124.604183137494,4072.6217101927273
TR-047920,2025-10-31,3750.58,3798.6644596595947,3809.8186051958423,3787.510314123347,3796.0017332334864
TR-047921,2025-10-31,2241.06,2215.5161725597163,2185.580628782803,2245.45171633663,2209.3581371997916
TR-047922,2025-10-31,1862.13,1977.1260688724933,2000.49330741369,1953.7588303312964,1980.4850635389485
TR-047923,2025-10-31,1487.72,1535.2384731762081,1581.5470027210981,1488.9299436313183,1532.296873202789
TR-047924,2025-10-31,2781.65,2721.0134137231917,2699.3716306827123,2742.6551967636706,2729.9360949719494
TR-047925,2025-10-31,3013.52,2982.817351593294,2974.841597371015,2990.7931058155727,2976.5470229833636
TR-047926,2025-10-31,1624.99,1583.7049527888078,1590.753501430807,1576.6564041468084,1586.300031391006
TR-047927,2025-10-31,928.29,933.7885260880132,951.4745729173942,916.1024792586323,934.9706813254572
TR-047928,2025-10-31,464.45,457.08796039822494,449.91888678043097,464.25703401601885,458.19399134297635
TR-047929,2025-10-31,2419.63,2328.135036027057,2323.7907093154818,2332.4793627386325,2322.7691308660724
TR-047930,2025-10-31,1245.87,1257.4642659219703,1244.127165857026,1270.8013659869143,1253.701143841034
TR-047931,2025-10-31,2083.49,2136.9486349104727,2149.5612819037024,2124.3359879172435,2132.877609089248
TR-047932,2025-10-31,2105.01,2029.4918106513228,2027.791075042261,2031.1925462603847,2036.6355841562608
TR-047933,2025-10-31,4779.53,4533.656096855431,4569.06249900097,4498.249694709892,4513.1520713942755
TR-047934,2025-10-31,1694.68,1777.4439278948464,1815.5420253278355,1739.3458304618573,1777.5966858037757
TR-047935,2025-10-31,757.39,762.1803526839253,770.6486963420033,753.7120090258474,760.0027306595614
TR-047936,2025-10-31,4018.5,3887.6435132908537,3872.672267122943,3902.614759458764,3876.5600940758895
TR-047937,2025-10-31,914.89,932.5572215177455,948.3913687721897,916.7230742633012,926.5944599879435
TR-047938,2025-10-31,1148.08,1130.5632621274622,1112.9645630153852,1148.161961239539,1130.5634258768016
TR-047939,2025-10-31,5543.53,5410.631253108446,5414.611054827057,5406.651451389835,5380.911879862686
TR-047940,2025-10-31,1865.96,1870.7220085611555,1830.3323809341225,1911.1116361881884,1881.7315733400517
TR-047941,2025-10-31,920.97,956.8895332846764,955.3006191902375,958.4784473791154,959.1818065141233
TR-047942,2025-10-31,2285.41,2258.412633481991,2278.847316503508,2237.977950460474,2257.21215607785
TR-047943,2025-10-31,3381.99,3425.9293369836428,3429.2787637840615,3422.579910183224,3438.618053985413
TR-047944,2025-10-31,3118.76,3120.976965047923,3160.800594930575,3081.1533351652715,3121.3747723053184
TR-047945,2025-10-31,5091.54,4922.161763324384,4969.952514793218,4874.371011855551,4942.020478879373
TR-047946,2025-10-31,1509.1,1514.7051161841134,1539.577978166165,1489.832254202062,1520.0622106382812
TR-047947,2025-10-31,2269.05,2332.441137240784,2374.099406825479,2290.782867656089,2337.7574788305565
TR-047948,2025-10-31,4788.74,4730.825942553318,4711.892378642153,4749.759506464483,4735.151036300253
TR-047949,2025-10-31,337.43,341.16293030542226,342.07412915249813,340.25173145834646,343.41979264592464
TR-047950,2025-10-31,4091.21,4013.0668271307914,4053.6692799852185,3972.4643742763637,4016.5065237185327
TR-047951,2025-10-31,1803.63,1801.1084397846344,1809.987079867646,1792.2297997016226,1801.0087557962588
TR-047952,2025-10-31,1832.95,1856.0238866089592,1859.4812778060473,1852.566495411871,1860.0642929324986
TR-047953,2025-10-31,1872.97,1785.6108371553896,1788.7870043256487,1782.4346699851303,1793.1157362983695
TR-047954,2025-10-31,2435.84,2452.368798495199,2477.167254417567,2427.5703425728307,2444.5463433881678
TR-047955,2025-10-31,4018.16,3938.8449570141765,3924.545922289912,3953.1439917384414,3935.098360642738
TR-047956,2025-10-31,2252.0,2270.1216286380704,2310.998015398943,2229.245241877198,2256.0928855389366
TR-047957,2025-10-31,3142.24,3195.9588135264476,3220.102405431218,3171.815221621677,3177.90734992926
TR-047958,2025-10-31,4321.21,4284.518989541019,4340.828622161645,4228.2093569203935,4281.704370833551
TR-047959,2025-10-31,486.72,486.0943893589746,490.8387021016079,481.35007661634125,483.7147699376872
TR-047960,2025-10-31,3166.71,3204.472944637173,3210.8988882369754,3198.04700103737,3187.9498264192166
TR-047961,2025-10-31,3440.82,3450.423476465806,3449.8456745636845,3451.0012783679267,3445.07941888761
TR-047962,2025-10-31,241.41,245.60688015791493,241.89733917325154,249.3164211425783,250.64774175045727
TR-047963,2025-10-31,3897.49,3860.562278692095,3920.357026299207,3800.7675310849822,3863.068395041233
TR-047964,2025-10-31,1730.14,1769.3238324522044,1781.5743038387163,1757.0733610656928,1762.7892152802253
TR-047965,2025-10-31,2612.25,2616.54999928106,2619.200753114638,2613.899245447482,2610.123789035648
TR-047966,2025-10-31,2131.84,2074.5394872655115,2075.687791592931,2073.3911829380922,2076.1295451483174
TR-047967,2025-10-31,4242.21,4277.690518716843,4283.003466948045,4272.3775704856425,4300.411070422364
TR-047968,2025-10-31,4143.03,3958.1192911447547,3988.1580877112324,3928.080494578277,3959.312295120243
TR-047969,2025-10-31,2756.18,2724.8697390969965,2766.9016470059223,2682.8378311880706,2736.7706078698275
TR-047970,2025-10-31,2578.62,2599.514179577479,2647.25219876478,2551.7761603901777,2607.2348320697174
TR-047971,2025-10-31,1140.1,1162.4565923698046,1169.1716428128734,1155.7415419267359,1165.3907234826816
TR-047972,2025-10-31,1856.36,1836.5596663389695,1868.3232475541104,1804.7960851238286,1837.8986938929847
TR-047973,2025-10-31,780.73,773.3216282384196,787.8595681527678,758.7836883240715,772.2229006899047
TR-047974,2025-10-31,575.35,561.6753977275183,562.8317539137911,560.5190415412455,561.270037877068
TR-047975,2025-10-31,3168.5,3263.483681525298,3233.036206200436,3293.93115685016,3273.2586125411503
TR-047976,2025-10-31,2373.86,2491.227381828504,2512.011045035363,2470.443718621644,2491.2096701209775
TR-047977,2025-10-31,361.79,368.20665192611705,367.83022595934364,368.5830778928905,369.0794111617609
TR-047978,2025-10-31,1861.13,1892.0975760457536,1905.9326270381073,1878.2625250533997,1893.9117776394783
TR-047979,2025-10-31,210.91,229.6054904685365,235.25261353181637,223.9583674052566,229.3401312785172
TR-047980,2025-10-31,5609.53,5669.692778447599,5698.4112414136935,5640.974315481506,5656.922335927354
TR-047981,2025-10-31,3381.74,3315.742509768562,3274.8162127882183,3356.668806748905,3327.476529010104
TR-047982,2025-10-31,3993.28,4031.1686895644043,3991.6168419133023,4070.7205372155067,4044.102580591268
TR-047983,2025-10-31,890.41,870.4999658566585,867.7234241628316,873.2765075504852,869.8590243324708
TR-047984,2025-10-31,4368.15,4360.74515961852,4357.55791591034,4363.932403326699,4381.048311548831
TR-047985,2025-10-31,6482.04,6259.256553090125,6119.427313459366,6399.085792720884,6249.060865239324
TR-047986,2025-10-31,2257.13,2282.3999705860288,2284.9454094737343,2279.8545316983227,2277.5232697569054
TR-047987,2025-10-31,863.24,891.9219813476789,902.0802885356579,881.7636741596997,885.7333179750406
TR-047988,2025-10-31,809.92,812.3481604323651,801.9494467976459,822.7468740670845,812.9846890265097
TR-047989,2025-10-31,3792.58,3781.4444363026414,3799.8129652502535,3763.07590735503,3779.9904292393903
TR-047990,2025-10-31,855.05,864.3395118958205,874.6321424247946,854.0468813668464,864.9962472194766
TR-047991,2025-10-31,1703.72,1720.3743966964635,1749.9264665832752,1690.8223268096515,1722.5443342552467
TR-047992,2025-10-31,3804.9,3906.6941909179386,3977.222836941096,3836.1655448947813,3914.4333361417525
TR-047993,2025-10-31,5561.19,1223.9110250289427,1254.375668978466,1193.4463810794196,1222.7015138387867
TR-047994,2025-10-31,4371.59,4296.4178390754605,4308.89291344244,4283.94276470848,4288.210110102613
TR-047995,2025-10-31,2682.29,2632.0528377278633,2663.560438075681,2600.545237380046,2623.661998556392
TR-047996,2025-10-31,3787.32,3907.773790090726,3983.2063863273193,3832.341193854132,3911.3947086757616
TR-047997,2025-10-31,1171.93,1198.9398133730444,1210.7981072907166,1187.0815194553722,1199.3204205527204
TR-047998,2025-10-31,713.36,713.1351425823957,726.6012135765445,699.6690715882469,715.5668984113415
TR-047999,2025-10-31,3987.46,4066.892602687234,4137.565251104468,3996.2199542699996,4073.048787875152
TR-048000,2025-10-31,5264.84,5279.165555155998,5265.632622848137,5292.698487463859,5263.8855634488555
